0,0.0
0.1,0.00003236653958699477
0.2,0.0004166197489554625
0.30000000000000004,0.0018058883114575835
0.4,0.005019640996597268
0.5,0.010942528306516914
0.6,0.020460229442828225
0.7,0.03441763831599784
0.7999999999999999,0.053585516910647536
0.8999999999999999,0.07861855592870863
0.9999999999999999,0.109983418481741
1.0999999999999999,0.1478384950645418
1.2,0.19185616456823124
1.3,0.2410243688410349
1.4000000000000001,0.29349869488878894
1.5000000000000002,0.34663974531732394
1.6000000000000003,0.39730530224791366
1.7000000000000004,0.44236210436887685
1.8000000000000005,0.4792362039830669
1.9000000000000006,0.5062712657008671
2.0000000000000004,0.5228232468991243
2.1000000000000005,0.5291105942921337
2.2000000000000006,0.5260357357458421
2.3000000000000007,0.5150035265028434
2.400000000000001,0.4978366417365391
2.500000000000001,0.47668659426166027
2.600000000000001,0.45391670713190185
2.700000000000001,0.4319685837796681
2.800000000000001,0.413027785926567
2.9000000000000012,0.3987200592734458
3.0000000000000013,0.38984274891214066
3.1000000000000014,0.38611718149626506
3.2000000000000015,0.38628690745424693
3.3000000000000016,0.3883545618433173
3.4000000000000017,0.38986154251030225
3.5000000000000018,0.38829667191419753
3.600000000000002,0.3813284847296727
3.700000000000002,0.3669598132856055
3.800000000000002,0.3437138813330077
3.900000000000002,0.31075366174165364
4.000000000000002,0.26815174456987073
4.100000000000001,0.2173360217436424
4.200000000000001,0.1617931796980533
4.300000000000001,0.10816458011959915
4.4,0.06782572084038738
4.5,0.05719286904302727
4.6,0.08700761977217351
4.699999999999999,0.1502231057076976
4.799999999999999,0.2328121163729517
4.899999999999999,0.32191831177408053
4.999999999999998,0.4075138549751077
5.099999999999998,0.482929539279094
5.1999999999999975,0.5446976649950821
5.299999999999997,0.5918479792358432
5.399999999999997,0.6250288381076788
5.4999999999999964,0.6457668720156697
5.599999999999996,0.6559966960391868
5.699999999999996,0.6578445809618712
5.799999999999995,0.6535694084477247
5.899999999999995,0.6455466870225988
5.999999999999995,0.6361993517273401
6.099999999999994,0.6278226058596418
6.199999999999994,0.6223105416109451
6.299999999999994,0.6208545302088534
6.399999999999993,0.6237201849147873
6.499999999999993,0.6301940748545227
6.5999999999999925,0.6387231711018668
6.699999999999992,0.6471876782580802
6.799999999999992,0.6532015433502005
6.8999999999999915,0.6543460918337414
6.999999999999991,0.6482949437858793
7.099999999999991,0.6328523715044053
7.19999999999999,0.6059802949824616
7.29999999999999,0.5659223292984938
7.39999999999999,0.5115340522450162
7.499999999999989,0.44289014562837037
7.599999999999989,0.36213140571654023
7.699999999999989,0.2743453090085036
7.799999999999988,0.18812381247445084
7.899999999999988,0.11548554828912591
7.999999999999988,0.07090298266535594
8.099999999999987,0.06636255655127317
8.199999999999987,0.09840138777183213
8.299999999999986,0.1507161871065493
8.399999999999986,0.2092860351302727
8.499999999999986,0.2653871381656767
8.599999999999985,0.3141666337368414
8.699999999999985,0.35334377133501293
8.799999999999985,0.38231591485922206
8.899999999999984,0.4015784554226815
8.999999999999984,0.41237469899590046
9.099999999999984,0.41649437264639966
9.199999999999983,0.4161394186692751
9.299999999999983,0.4137804561346305
9.399999999999983,0.41194607389554605
9.499999999999982,0.412924718848688
9.599999999999982,0.4184167123479098
9.699999999999982,0.42923018468889484
9.799999999999981,0.4451302857741641
9.89999999999998,0.4649009810661636
9.99999999999998,0.48658939546551877
10.09999999999998,0.5078357447244392
10.19999999999998,0.5261847094555222
10.29999999999998,0.5393141337214695
10.399999999999979,0.5451703863700803
10.499999999999979,0.5420458606586908
10.599999999999978,0.5286560179221976
10.699999999999978,0.5042812687683839
10.799999999999978,0.46898882612002457
10.899999999999977,0.4238672585694089
10.999999999999977,0.37114461390120995
11.099999999999977,0.31401172643805286
11.199999999999976,0.25612254519963573
11.299999999999976,0.2009474667333056
11.399999999999975,0.15122724601254903
11.499999999999975,0.10870414056031892
11.599999999999975,0.0741419746204211
11.699999999999974,0.047515074854194636
11.799999999999974,0.028241032494755392
11.899999999999974,0.015384813724205222
11.999999999999973,0.007808919161642431
12.099999999999973,0.004261217652351748
12.199999999999973,0.0033727003776702616
12.299999999999972,0.00372681663205076
12.399999999999972,0.004260456005709305
12.499999999999972,0.004504278851352196
12.599999999999971,0.004526745657496085
12.69999999999997,0.004854294915341672
12.79999999999997,0.006361759778103316
12.89999999999997,0.010031113062766675
12.99999999999997,0.016719610538987906
13.09999999999997,0.027105116499764326
13.199999999999969,0.04171389078504444
13.299999999999969,0.06094975960908951
13.399999999999968,0.08511117003703345
13.499999999999968,0.1143898526750435
13.599999999999968,0.14882965837957293
13.699999999999967,0.1882309019468378
13.799999999999967,0.2319980386779947
13.899999999999967,0.278970630617194
13.999999999999966,0.32731235039167056
14.099999999999966,0.3745850907835935
14.199999999999966,0.41803434546253165
14.299999999999965,0.4550570687474937
14.399999999999965,0.48363912049954194
14.499999999999964,0.5026115759080896
14.599999999999964,0.5116785400559002
14.699999999999964,0.5112969523716272
14.799999999999963,0.5025221198206561
14.899999999999963,0.4868862905467813
14.999999999999963,0.4663115097482975
15.099999999999962,0.443025839553038
15.199999999999962,0.41942966382505015
15.299999999999962,0.3978407178225223
15.399999999999961,0.3802049779389054
15.499999999999961,0.36779146474219077
15.59999999999996,0.36089024819963694
15.69999999999996,0.35874231240302534
15.79999999999996,0.35971984339194163
15.89999999999996,0.36157389164116877
15.99999999999996,0.3617903205978906
16.09999999999996,0.35794402249360546
16.19999999999996,0.3478872904485364
16.29999999999996,0.32990272478404603
16.399999999999963,0.30286885189206575
16.499999999999964,0.26643798114282413
16.599999999999966,0.22136361004305022
16.699999999999967,0.1700534406881084
16.79999999999997,0.11744261933598311
16.89999999999997,0.0723881465329901
16.99999999999997,0.04931338232631766
17.099999999999973,0.06360793881319012
17.199999999999974,0.11512591034514523
17.299999999999976,0.19146412327114656
17.399999999999977,0.27954209971301885
17.49999999999998,0.368306825290088
17.59999999999998,0.449613852044711
17.69999999999998,0.5185337629109057
17.799999999999983,0.5729739335437424
17.899999999999984,0.6128860002640464
17.999999999999986,0.6394409910371204
18.099999999999987,0.6544164692502351
18.19999999999999,0.6598630682571262
18.29999999999999,0.657970674064884
18.39999999999999,0.6510496156481106
18.499999999999993,0.6415109579561639
18.599999999999994,0.631750511874285
18.699999999999996,0.6239187934852775
18.799999999999997,0.6196211899520526
18.9,0.6196378067540046
19.,0.6237700329198489
19.1,0.630882295912504
19.200000000000003,0.6391234565606364
19.300000000000004,0.6462138932855812
19.400000000000006,0.6497248312680376
19.500000000000007,0.647265917935439
19.60000000000001,0.6365678087243685
19.70000000000001,0.6155120086793427
19.80000000000001,0.582195117141514
19.900000000000013,0.5351373858785049
20.000000000000014,0.4737415036892806
20.100000000000016,0.39903466275072225
20.200000000000017,0.31458803616518594
20.30000000000002,0.22734001134039133
20.40000000000002,0.14796431158731882
20.50000000000002,0.09047957382245195
20.600000000000023,0.0695525283495619
20.700000000000024,0.089598612800151
20.800000000000026,0.13765428466109694
20.900000000000027,0.1975530677125077
21.00000000000003,0.2581596077013554
21.10000000000003,0.31292762054307915
21.20000000000003,0.358487093575131
21.300000000000033,0.3935653035743104
21.400000000000034,0.4182458307535657
21.500000000000036,0.43349816015323933
21.600000000000037,0.44090270991608127
21.70000000000004,0.44249423587882714
21.80000000000004,0.44064247908514825
21.90000000000004,0.4378881081591876
22.000000000000043,0.4366919481893969
22.100000000000044,0.4391093272926024
22.200000000000045,0.4464511752335688
22.300000000000047,0.4590393305027116
22.40000000000005,0.4761570171337771
22.50000000000005,0.4962044978310945
22.60000000000005,0.5169894708461582
22.700000000000053,0.5360586165989896
22.800000000000054,0.5509740665820632
22.900000000000055,0.5594930889052642
23.000000000000057,0.5596643645016922
23.10000000000006,0.5498888930455951
23.20000000000006,0.5290184096543962
23.30000000000006,0.49655240812067614
23.400000000000063,0.4529258841408445
23.500000000000064,0.3997753324867329
23.600000000000065,0.33999213693060676
23.700000000000067,0.27741257330206526
23.800000000000068,0.21617633438537298
23.90000000000007,0.15998763036077682
24.00000000000007,0.11156921228744264
24.100000000000072,0.07245599936110897
24.200000000000074,0.04308377481053335
24.300000000000075,0.023035811916793356
24.400000000000077,0.011320407446696703
24.500000000000078,0.006544515042123658
24.60000000000008,0.006695964284485047
24.70000000000008,0.009177891774785932
24.800000000000082,0.011969517670759267
24.900000000000084,0.014027787197786653
25.000000000000085,0.015043278042864278
25.100000000000087,0.015252770425839189
25.200000000000088,0.015338226101263959
25.30000000000009,0.016328152639512972
25.40000000000009,0.01941439999478634
25.500000000000092,0.025679784987472445
25.600000000000094,0.035888710862446195
25.700000000000095,0.05046039855164285
25.800000000000097,0.06954966086332741
25.900000000000098,0.09313326079914484
26.0000000000001,0.12107847196648533
26.1000000000001,0.15317567251666647
26.200000000000102,0.18912264158716766
26.300000000000104,0.22845039918901366
26.400000000000105,0.2703930021055849
26.500000000000107,0.31374263281508236
26.600000000000108,0.3567716933535795
26.70000000000011,0.39731419109428956
26.80000000000011,0.43304300490475783
26.900000000000112,0.46186130118816215
27.000000000000114,0.4822475914325692
27.100000000000115,0.49343672174931225
27.200000000000117,0.4954232608334289
27.300000000000118,0.4888611783339791
27.40000000000012,0.4749472555671693
27.50000000000012,0.45533177248062134
27.600000000000122,0.43203700856236854
27.700000000000124,0.4073401421501235
27.800000000000125,0.3835890239513758
27.900000000000126,0.36293608371380986
28.000000000000128,0.34702258852982554
28.10000000000013,0.3366666961085004
28.20000000000013,0.3316718054765283
28.300000000000132,0.3308460287617661
28.400000000000134,0.33222426853513265
28.500000000000135,0.3334160527441985
28.600000000000136,0.33194985258458404
28.700000000000138,0.3255403866409845
28.80000000000014,0.31228022896502516
28.90000000000014,0.2907866353061234
29.000000000000142,0.26035991794157803
29.100000000000144,0.22122557872228482
29.200000000000145,0.17494265466399236
29.300000000000146,0.12508576449384448
29.400000000000148,0.07836916305242202
29.50000000000015,0.046463430837760056
29.60000000000015,0.04592325561917826
29.700000000000152,0.08410898463800044
29.800000000000153,0.15182261843976017
29.900000000000155,0.23638093786182968
30.000000000000156,0.3262548644938187
30.100000000000158,0.4121269892071853
30.20000000000016,0.4876109577229941
30.30000000000016,0.5493083009549231
30.400000000000162,0.5962527111812685
30.500000000000163,0.6290921847725257
30.600000000000165,0.6493542241866155
30.700000000000166,0.6589732199828752
30.800000000000168,0.660073514466056
30.90000000000017,0.6549066281745488
31.00000000000017,0.6458383763197713
31.100000000000172,0.6352846134087538
31.200000000000173,0.6255607793620499
31.300000000000175,0.618612882578139
31.400000000000176,0.6156991704346549
31.500000000000178,0.6171562341344252
31.60000000000018,0.6223289217553605
31.70000000000018,0.6297060189423994
31.800000000000182,0.6371985349898042
31.900000000000183,0.6424220747749027
32.000000000000185,0.6429418289279708
32.100000000000186,0.6364130942093454
32.20000000000019,0.6206409732638589
32.30000000000019,0.593619033546202
32.40000000000019,0.5536451660380908
32.50000000000019,0.49964468580709476
32.60000000000019,0.43177010137801836
32.700000000000195,0.352253554674293
32.800000000000196,0.266351114866331
32.9000000000002,0.18306658355994673
33.0000000000002,0.11527890596598803
33.1000000000002,0.07846263205856184
33.2000000000002,0.08342544488040689
33.3000000000002,0.1237391869871937
33.400000000000205,0.18270245546675523
33.500000000000206,0.24663448464735682
33.60000000000021,0.30695138335579775
33.70000000000021,0.3589137352776526
33.80000000000021,0.40039020791431984
33.90000000000021,0.43094346436014547
34.00000000000021,0.4512194316382023
34.100000000000215,0.4625757396645876
34.200000000000216,0.46687098558662576
34.30000000000022,0.4663346244963384
34.40000000000022,0.4634460202992168
34.50000000000022,0.46074768186105747
34.60000000000022,0.46055251958214477
34.70000000000022,0.4646029757036249
34.800000000000225,0.4737630415988571
34.900000000000226,0.48786049877901944
35.00000000000023,0.5057399993490336
35.10000000000023,0.525483424003722
35.20000000000023,0.5447305025399461
35.30000000000023,0.560993601895299
35.40000000000023,0.5718913304910777
35.500000000000234,0.5752788490860345
35.600000000000236,0.569304018808014
35.70000000000024,0.5524709231951218
35.80000000000024,0.5237905474430341
35.90000000000024,0.4830520470902766
36.00000000000024,0.43116654013283534
36.10000000000024,0.3704279310774421
36.200000000000244,0.30446739922747346
36.300000000000246,0.23777020470527757
36.40000000000025,0.17488151539285285
36.50000000000025,0.11961754929316902
36.60000000000025,0.0745667894992907
36.70000000000025,0.04097681391523712
36.80000000000025,0.018954803529865942
36.900000000000254,0.007842583022831355
37.000000000000256,0.006253288729030417
37.10000000000026,0.010673469734692576
37.20000000000026,0.017009299146957937
37.30000000000026,0.02288274254855525
37.40000000000026,0.027188912977559793
37.50000000000026,0.02962581348547178
37.600000000000264,0.030485342364598423
37.700000000000266,0.030535889138521184
37.80000000000027,0.03092220062218447
37.90000000000027,0.033008087101787036
38.00000000000027,0.038127100380262166
38.10000000000027,0.047300353382769375
38.20000000000027,0.06107187659195267
38.300000000000274,0.07953947100145292
38.400000000000276,0.10247548158028338
38.50000000000028,0.12945896905762205
38.60000000000028,0.15998408527145178
38.70000000000028,0.19351296955126368
38.80000000000028,0.22948404300993153
38.90000000000028,0.2672516962202278
39.000000000000284,0.3059755690987343
39.100000000000286,0.3444949518228157
39.20000000000029,0.38126876130203946
39.30000000000029,0.4144579169822694
39.40000000000029,0.4421675076553227
39.50000000000029,0.462768577871974
39.60000000000029,0.4751671248827935
39.700000000000294,0.47893584034948095
39.800000000000296,0.4743117739136686
39.9000000000003,0.46212241808587884
40.0000000000003,0.4436995567005304
40.1000000000003,0.4208016599599854
40.2000000000003,0.3955200012464724
40.3000000000003,0.3701332628692432
40.400000000000304,0.34688508499268816
40.500000000000306,0.3276878177886141
40.60000000000031,0.3137990857564277
40.70000000000031,0.30556187891655917
40.80000000000031,0.30230202055940986
40.90000000000031,0.3024430581434295
41.00000000000031,0.30379694759961157
41.100000000000314,0.30392196947705974
41.200000000000315,0.3004433321222426
41.30000000000032,0.2912903386534606
41.40000000000032,0.27485649735143225
41.50000000000032,0.2501417348083472
41.60000000000032,0.2169402045673727
41.70000000000032,0.17614603482166294
41.800000000000324,0.1302663602189298
41.900000000000325,0.08428800363460204
42.00000000000033,0.047216258189794365
42.10000000000033,0.03403757714854487
42.20000000000033,0.058140575155143655
42.30000000000033,0.11534111932720663
42.40000000000033,0.19396474320824114
42.500000000000334,0.2826195511007414
42.600000000000335,0.3712980218487884
42.70000000000034,0.4523343124042223
42.80000000000034,0.5209435777190146
42.90000000000034,0.5750360470557695
43.00000000000034,0.6145315108470113
43.10000000000034,0.6405733606637598
43.200000000000344,0.6549231661505199
43.300000000000345,0.6596167984005333
43.40000000000035,0.6568335014370017
43.50000000000035,0.6488736133072921
43.60000000000035,0.6381419230427178
43.70000000000035,0.6270490325000103
43.80000000000035,0.6177826886014736
43.900000000000354,0.6120060422784307
44.000000000000355,0.610570215901979
44.10000000000036,0.6133450469686338
44.20000000000036,0.6192530803903934
44.30000000000036,0.6264754465828021
44.40000000000036,0.6327375706903118
44.50000000000036,0.6355965502679833
44.600000000000364,0.6326419742566363
44.700000000000365,0.6215986693836183
44.80000000000037,0.6003694641840028
44.90000000000037,0.5671028724616562
45.00000000000037,0.5203980938664383
45.10000000000037,0.45975488115311536
45.20000000000037,0.38630371949386944
45.300000000000374,0.30374480211673194
45.400000000000375,0.2192735778942975
45.50000000000038,0.14414556144183843
45.60000000000038,0.09333171591463706
45.70000000000038,0.08150906620464259
45.80000000000038,0.11039527588744508
45.90000000000038,0.1655705660683217
46.000000000000384,0.23116567707697017
46.100000000000385,0.2962725450559679
46.20000000000039,0.3544667090550618
46.30000000000039,0.4025210437961291
46.40000000000039,0.43933322447805473
46.50000000000039,0.46514993534158605
46.60000000000039,0.4810699429744941
46.700000000000394,0.48876154811188927
46.800000000000395,0.4903072082132697
46.9000000000004,0.4880894619368476
47.0000000000004,0.48464274072958885
47.1000000000004,0.48242657937307837
47.2000000000004,0.48352090749458426
47.3000000000004,0.4892922108435889
47.400000000000404,0.5001353605670099
47.500000000000405,0.5154019454224926
47.600000000000406,0.5335370626907339
47.70000000000041,0.5523705813674394
47.80000000000041,0.5694514323731452
47.90000000000041,0.5823193792385962
48.00000000000041,0.5886741606918252
48.10000000000041,0.5864592734964215
48.200000000000415,0.5739108389255118
48.300000000000416,0.5496512762268776
48.40000000000042,0.512900929093419
48.50000000000042,0.4638299504178735
48.60000000000042,0.40395333334768896
48.70000000000042,0.33634098814924746
48.80000000000042,0.26540940170170435
48.900000000000425,0.19624658188327587
49.000000000000426,0.13369484554060285
49.10000000000043,0.08155387545327708
49.20000000000043,0.04218028303234682
49.30000000000043,0.016549881174560688
49.40000000000043,0.004790027322622111
49.50000000000043,0.0061483869049364275
49.600000000000435,0.014907956019745962
49.700000000000436,0.025456940606693068
49.80000000000044,0.03502520603034173
49.90000000000044,0.04230242668026424
50.00000000000044,0.04687929262058111
