6.005490865657498567e+00
5.470598444214729739e+00
4.534138943778046382e+00
3.823902388966828880e+00
3.272185967987155664e+00
2.833704913484780263e+00
2.478385342652430268e+00
2.185855486020457761e+00
1.941977410630087775e+00
1.736915178698765772e+00
1.564329961227201693e+00
1.421601925318682902e+00
1.311099606042574806e+00
1.241946147685638380e+00
1.230014471248153995e+00
1.292049829147160267e+00
1.431625421262211262e+00
1.622756802749549365e+00
1.805157240451976008e+00
1.901239567194537017e+00
1.849438955831743669e+00
1.636167275565824752e+00
1.307602206782917165e+00
9.502564402135931232e-01
6.472566379383266622e-01
4.395352989167520263e-01
3.204215246592525546e-01
2.596325377184030003e-01
2.285804535422357731e-01
2.101427301700198313e-01
1.967204640157547146e-01
1.856319530665615503e-01
1.760593666141403446e-01
1.677432058326502329e-01
1.606828275859726318e-01
1.559261891461432015e-01
1.601679036571113102e-01
1.963640181905788040e-01
3.236829605979778535e-01
5.651076582911684909e-01
8.598153137447752670e-01
9.789283925788652141e-01
5.184639072597434506e-01
-1.982897457677950115e-01
-6.548248165003087706e-01
-9.120247809133985584e-01
-9.965135250439942638e-01
-9.531610021794847398e-01
-8.885130592339720579e-01
-7.369535898918400108e-01
-4.461402632428672632e-01
-1.597801039018804659e-01
2.113542146935287747e-02
6.616008667157302625e-02
-1.483668300305396315e-02
-1.892037713941761012e-01
-3.979842647578806236e-01
-5.504027504536850302e-01
-5.716540046118154805e-01
-4.494429145712359741e-01
-2.505593826626295595e-01
-5.202557503574212205e-02
9.279787798907079832e-02
1.547162920432896271e-01
1.691970192432705744e-01
1.589683751556805191e-01
8.975911774248857000e-02
-3.128470605007294125e-02
-1.749311657686263288e-01
-3.343633682291908826e-01
-4.381043285475954008e-01
-4.140427495417213777e-01
-3.041463574627272237e-01
-1.640472395262406735e-01
-1.863659983584398105e-02
9.775932328822989348e-02
1.551433265829302854e-01
1.574801137946622021e-01
1.546250379384161988e-01
1.599702987583242475e-01
1.168294265384730579e-01
1.178611891528191791e-02
-1.113224010641431505e-01
-2.282128665306402127e-01
-3.188898695400439465e-01
-3.452621023004240897e-01
-2.896958799081801317e-01
-1.775079198728093388e-01
-5.384342480215309479e-02
4.766431595055564685e-02
1.131621994540097376e-01
1.429182816492016173e-01
1.490233849036712854e-01
1.448779117244640702e-01
1.310601578391583644e-01
9.831321936211168122e-02
3.604648150651712513e-02
-5.972226663760693555e-02
-1.721658748882077816e-01
-2.622160151513810433e-01
-2.922848432595230861e-01
-2.528582272048822688e-01
-1.659378772391164603e-01
-6.658178362849298537e-02
1.766941964051227387e-02
7.647024567572202614e-02
1.130925768215575999e-01
1.333400631302907868e-01
1.391763397546696979e-01
1.308921746286131338e-01
1.085506458539526875e-01
6.833396284561388256e-02
3.105796031661611778e-03
-8.569091065936618179e-02
-1.768277472594661504e-01
-2.378106680677944951e-01
-2.461066752294556181e-01
-1.994793140542725496e-01
-1.141465010161084592e-01
-6.486358086120669331e-02
