1.095318097292796367e+01
1.060602331809932508e+01
9.789695146390350544e+00
8.734334697378393741e+00
7.441331718871445844e+00
5.890989355630146918e+00
4.038312804509160969e+00
1.822097163265553377e+00
-8.011012677929159054e-01
-3.799243979241907709e+00
-7.013582617068358616e+00
-1.015540907221264177e+01
-1.285649986749655938e+01
-1.473896719960847435e+01
-1.547651125392179239e+01
-1.484403265627915403e+01
-1.275667934356123823e+01
-9.292426783913779076e+00
-4.692459631563909994e+00
6.604904489407772417e-01
6.281424887084224196e+00
1.163508982032907824e+01
1.619724974639887449e+01
1.952216486178522459e+01
2.131081447030269516e+01
2.146860093344790954e+01
2.012879899257193017e+01
1.765206206296871017e+01
1.448614355687051614e+01
1.117354849426864405e+01
8.225241540461425416e+00
5.150529843647646544e+00
4.484201643007594384e+00
3.416451009519647641e-01
-3.028007619336463563e+00
-3.156188206324330281e+00
-5.979621553876270923e+00
-9.891541857202597043e+00
-1.209972988681214190e+01
-5.501558114864380400e+00
5.592848613167745953e+00
6.392911967412999275e+00
-5.569924038018058354e+00
-1.287333287681418881e+01
-1.196580957662987998e+01
-9.791233773036893240e+00
-5.542456356960343555e-01
9.790796358593766513e+00
2.238909273123880439e+00
-3.050150969789854116e+00
1.864213280434836406e+01
2.215968176599716344e-01
-2.066002879602940823e+01
1.018980539280320841e+01
1.421485297745164189e-01
-2.086654213728930074e+01
-5.279146394390707542e+00
1.930078532299916105e+00
1.056047353094697883e-01
1.623103334429004008e+00
1.170192270890780151e+01
1.183870968767689646e+01
-2.730319326796319501e+00
2.065106312117646326e+01
2.118737970872956566e+00
-2.710058022328072980e+01
-2.960434535542404433e+00
-8.981253621020655942e+00
-1.262257627014871275e+01
-3.020469829324838429e+00
-1.758297189090392010e+00
1.032707493133038668e+00
7.697426662051718438e+00
8.470672577099662703e+00
6.941568761334593773e+00
1.997244020541346288e+01
2.767733274677937061e+00
-1.992695427368118999e+00
6.679510530581694638e+00
-1.657651487388055500e+01
-1.114225736252711840e+01
-7.710255637764007020e+00
-1.268477877681680610e+01
-5.383045508740124774e+00
-2.793342883506824137e+00
1.849207791003166790e-01
5.183969280368103227e+00
8.714021494496059006e+00
7.457442370664395526e+00
1.620573643975028233e+01
8.681048137930019948e+00
2.049880273983461620e+00
1.356886251698423962e+01
-1.007979933505367853e+01
-1.248744509581747764e+01
-6.465566440255756220e+00
-1.603176154390935437e+01
-8.383878620331991272e+00
-7.133886524812837138e+00
-4.463935846591525092e+00
3.882363699151127889e-01
4.265183033202582408e+00
6.172741788101291149e+00
1.119081481891247876e+01
1.164218398972946034e+01
7.175083755648401507e+00
2.056328534718383594e+01
2.693168703720374424e-01
-5.923902853724939632e+00
2.324583530038069057e-01
-1.812791588786703301e+01
-9.872690468634417016e+00
-1.024789540031574830e+01
-1.100177909262544063e+01
-5.372621767439774487e+00
-3.016621621490926941e+00
9.276685495509298107e-01
4.990363211112857300e+00
8.753507612351853595e+00
1.007397094859724085e+01
