1.013894967664691293e+01
1.268941026514756665e+01
1.449745992466935718e+01
1.602974706265062821e+01
1.664075370030299439e+01
1.767904985873980905e+01
1.870027346404512159e+01
1.925755844528483607e+01
1.979443388806309656e+01
2.033161066230834280e+01
2.040802964354003279e+01
2.137391478386165389e+01
2.143333333134680174e+01
2.194418280865211912e+01
2.245217472045430895e+01
2.249560920719622459e+01
2.251439577889677324e+01
2.253989390373067891e+01
2.257477692325952034e+01
2.306666497449086961e+01
2.355101842085321806e+01
2.310944364538071483e+01
2.267784305449706039e+01
2.314568992851625495e+01
2.269833397443117207e+01
2.270272591345676361e+01
2.361937158966040329e+01
2.360728345568614372e+01
2.359969789217510794e+01
2.269704642045612175e+01
2.313357978031929818e+01
2.266337356491337118e+01
2.310208097570916408e+01
2.262886847481552621e+01
2.213415953640144096e+01
2.189068191828097909e+01
2.187665604109830753e+01
2.231009501536782480e+01
2.187969190942050801e+01
2.234910919668762119e+01
2.195183913140473919e+01
2.244273878125603972e+01
2.249252409282394183e+01
2.253918395781449036e+01
2.303738535961491962e+01
2.216326961806063167e+01
2.217517883583568405e+01
2.215642430258009199e+01
2.165244850158598311e+01
2.087659155230741703e+01
1.847291789705995058e+01
1.714713504165182911e+01
1.700605391215335516e+01
1.741019917985512677e+01
1.652220452659674876e+01
1.613924730219369863e+01
1.453085502290337772e+01
1.407238560205684941e+01
1.341927728171100043e+01
1.275221966583316302e+01
1.223286785286773437e+01
1.215268701400410301e+01
1.166439443236614792e+01
1.168746125336676300e+01
1.169219356161747925e+01
1.223497818805489246e+01
1.277557365173452730e+01
1.365648285075147328e+01
1.366474739140398675e+01
1.314056144940361648e+01
1.318974351333377726e+01
1.358898933054932634e+01
1.408846420815697087e+01
1.365058006666262891e+01
1.371900171064515384e+01
1.461866036374247102e+01
1.519977649893183447e+01
1.468894661045013450e+01
1.471418625281533465e+01
1.426684929596965290e+01
1.467880785787041020e+01
1.465883253230425609e+01
1.419869014773316174e+01
1.555214946773567775e+01
1.508270667643873608e+01
1.463515169495397750e+01
1.463881546538838485e+01
1.555675809158650225e+01
1.538741395877299922e+01
1.565013514012692397e+01
1.521297045535921200e+01
1.524115342084194147e+01
1.569105531878877891e+01
1.520401455520103617e+01
1.519657143791944520e+01
1.468899011581949487e+01
1.606468289016704176e+01
1.560092848517223985e+01
1.512789443656977895e+01
1.557639011394213391e+01
