1.602325340308869084e+00
1.630757946415879234e+00
1.655150377759986080e+00
1.676364500073651342e+00
1.695015166669109785e+00
1.711556912508590322e+00
1.726336282909043618e+00
1.739623810970795548e+00
1.751634199597696950e+00
1.762540043145929047e+00
1.772482479084811935e+00
1.781580209751563171e+00
1.789936353152904669e+00
1.797641593757377532e+00
1.804772639121661637e+00
1.811387214598761730e+00
1.817521942650977218e+00
1.823204971516290351e+00
1.828486198972660404e+00
1.833454176145972614e+00
1.838192408884391060e+00
1.842696334779713396e+00
1.846868032373344848e+00
1.850636051226954848e+00
1.854045110863059342e+00
1.857203835580365947e+00
1.860229606332598262e+00
1.863235268752337470e+00
1.866213997028403293e+00
1.868979296603200613e+00
1.871370754310909934e+00
1.873476066238109361e+00
1.875555592081667999e+00
1.877697641945898610e+00
1.879708536964898258e+00
1.881477185004029717e+00
1.883196137041177609e+00
1.885145941020380800e+00
1.887653921732905582e+00
1.891382229657382119e+00
1.897116372347371627e+00
1.905012396182641954e+00
1.914168944135270722e+00
1.922967655102334916e+00
1.929932914796482546e+00
1.934488130239626624e+00
1.937023514851737405e+00
1.938323750898931275e+00
1.939060231126558564e+00
1.939632143958949451e+00
1.940067777785681624e+00
1.940895437747673480e+00
1.941529580831585555e+00
1.944859412630376205e+00
1.946171784764476165e+00
1.953902033108216196e+00
1.949743095040801233e+00
1.953175683701688925e+00
1.946560991746077107e+00
1.936804270119684590e+00
1.931160046378158857e+00
1.926416657066450711e+00
1.920652214676044522e+00
1.916535474196288336e+00
1.914383744798107134e+00
1.914290320806510959e+00
1.912939736972609994e+00
1.909841572541866928e+00
1.906204197527609612e+00
1.901337626977333439e+00
1.898096221450400245e+00
1.895265039694956410e+00
1.894410406379291922e+00
1.894225153643508408e+00
1.895304674654153532e+00
1.895352217256379479e+00
1.896789124448134967e+00
1.896113379702374591e+00
1.895941466523595853e+00
1.893563180710518878e+00
1.890809197482664850e+00
1.887461516580991816e+00
1.884609214471499872e+00
1.882556943840807406e+00
1.881355141796794861e+00
1.880859519258426094e+00
1.881013664277126241e+00
1.881867824576190618e+00
1.883372518382648408e+00
1.885072429317770304e+00
1.886067674741772837e+00
1.885689730361119310e+00
1.884110898873597728e+00
1.881790101822451655e+00
1.880008666116407934e+00
1.878772191264637792e+00
1.878445796911792254e+00
1.878016557741237325e+00
1.876759153221160048e+00
1.874460001279651067e+00
