1.711124439255059571e+01
1.818427174408201807e+01
1.877677455185934718e+01
1.935610333560149598e+01
2.036402991066439938e+01
2.090817916747779037e+01
2.099989221298310937e+01
2.198044202823721349e+01
2.204324169748311135e+01
2.210789460452804889e+01
2.260949889787328004e+01
2.310632068707281661e+01
2.314006604040454107e+01
2.317846528605028311e+01
2.322257788648577304e+01
2.327378490855961246e+01
2.420540171804748297e+01
2.467228652953859935e+01
2.469684626195558863e+01
2.425457372523450061e+01
2.471870517232095565e+01
2.472881548123258000e+01
2.475698418902502596e+01
2.475903342991384903e+01
2.521862040010950778e+01
2.522751061000122519e+01
2.432557244757933645e+01
2.432024864538093212e+01
2.478323125792179127e+01
2.475502398353222944e+01
2.475927529566435581e+01
2.430725575826981810e+01
2.428016388176504847e+01
2.381582848121340135e+01
2.426452041281830674e+01
2.377433799834637540e+01
2.329624257950519706e+01
2.350752834533834346e+01
2.351087961220253675e+01
2.397282863179930246e+01
2.355931920320630368e+01
2.362783578153868191e+01
2.414188483248544514e+01
2.418990163779412228e+01
2.425484977786381080e+01
2.474890024357475227e+01
2.475358343397209993e+01
2.518404322013709162e+01
2.443364489315484889e+01
2.345279185115607845e+01
2.243072328297350282e+01
2.047598350770849862e+01
1.869409937208746797e+01
1.857132988081647440e+01
1.902895772632057714e+01
1.768308948420177273e+01
1.680521455600489134e+01
1.572628183690233428e+01
1.514497421283771317e+01
1.394989230946247893e+01
1.435178691543631579e+01
1.385314495196706197e+01
1.295389058103778446e+01
1.482401052345736225e+01
1.489027221636387743e+01
1.546151233609543141e+01
1.595589204879881251e+01
1.551797001851660340e+01
1.642420185155865298e+01
1.682840534581739789e+01
1.680449564845681820e+01
1.634727373551555019e+01
1.678769420526774425e+01
1.727600619890164779e+01
1.734203530364009538e+01
1.766127511064533095e+01
1.748175419483121473e+01
1.839190283373731916e+01
1.840337789931218992e+01
1.883111218778600460e+01
1.745923748834188771e+01
1.787560128612830823e+01
1.826181243257769182e+01
1.778819421442133120e+01
1.824484751487669598e+01
1.825197990143257698e+01
1.782685985880225132e+01
1.808118042587471663e+01
1.812171916427557505e+01
1.862210534932198414e+01
1.887085700974914104e+01
1.888887658590097374e+01
1.932532971112277664e+01
1.842691708129196826e+01
1.842603844461307006e+01
1.929361030814251876e+01
1.788441610877199395e+01
1.872920210309074562e+01
1.872330980693002189e+01
1.825038777943481350e+01
