1.224471088934362850e+00
1.289647755606543100e+00
1.345841254707887069e+00
1.394144112324097629e+00
1.435697671563171518e+00
1.471585403431720174e+00
1.502772266689268443e+00
1.530080002913208670e+00
1.554186635015312401e+00
1.575639822814682400e+00
1.594876353055685536e+00
1.612242746756633593e+00
1.628014182022145206e+00
1.642410490869526285e+00
1.655608962525040972e+00
1.667754239099049629e+00
1.678965867485284313e+00
1.689344107902399639e+00
1.698974373036896246e+00
1.707930354039963072e+00
1.716275921843768870e+00
1.724066396343339136e+00
1.731349971591479520e+00
1.738169314469546922e+00
1.744562700790965870e+00
1.750564784458303436e+00
1.756207680263795590e+00
1.761521820467015553e+00
1.766535541131223130e+00
1.771274693734893102e+00
1.775765503558116798e+00
1.780042456240942039e+00
1.784160180719898792e+00
1.788208216318715404e+00
1.792328556713225662e+00
1.796725604398676346e+00
1.801669795631175131e+00
1.807477976499156647e+00
1.814379833190900460e+00
1.822529441732578803e+00
1.831929857637861314e+00
1.842089411038736024e+00
1.852721790037350491e+00
1.863035325497564454e+00
1.872500295066130249e+00
1.880937744592207084e+00
1.887505310999769481e+00
1.893012294523620742e+00
1.896598152670992521e+00
1.900813217378646058e+00
1.903456432921656338e+00
1.906518009180756090e+00
1.908752710379278961e+00
1.911014964834850005e+00
1.914389695876545838e+00
1.915823468713157007e+00
1.915987910306049091e+00
1.913432937585797911e+00
1.906291968927417368e+00
1.898964759147805825e+00
1.892435313309722478e+00
1.884164376910931082e+00
1.876256039248363372e+00
1.870865285838756664e+00
1.865609440717984402e+00
1.860804690008418305e+00
1.856985890901273084e+00
1.850831674572087637e+00
1.848796127017393376e+00
1.843432633265249310e+00
1.841290708087082395e+00
1.838099427157581234e+00
1.834510084134440167e+00
1.835312032443185082e+00
1.830255310833163174e+00
1.834006503147746159e+00
1.827399516692709946e+00
1.831854853054414978e+00
1.824104653876772897e+00
1.827839428174484526e+00
1.819398328474792770e+00
1.822932742002968620e+00
1.813980048375214427e+00
1.818896464403321644e+00
1.809751540089816979e+00
1.816552011214779938e+00
1.808222045646448173e+00
1.815170669251421565e+00
1.809230945810309521e+00
1.813445327945012453e+00
1.810931309118723131e+00
1.810865186075583111e+00
1.810817001872077059e+00
1.807938594751650641e+00
1.807373654491309489e+00
1.805446616534781556e+00
1.801467612326445478e+00
1.803859799624078386e+00
1.796033500377578918e+00
1.803020607688781585e+00
