4.870491640607841788e+00
5.529281505530571295e+00
6.231837746824364643e+00
6.978149336400575109e+00
7.768222542998355351e+00
8.602055739715092741e+00
9.479590044801426529e+00
1.040082838142934563e+01
1.136576748198743658e+01
1.237503713771163838e+01
1.343413018223975897e+01
1.459823089894158343e+01
1.046015204460876902e+01
8.930037228672295768e+00
7.737499935406707330e+00
7.016125009231249265e+00
7.081494833799888866e+00
6.172333095295592820e+00
5.829829089874803749e+00
6.053956762325910290e+00
5.611725127812023928e+00
5.201409342159967863e+00
5.252016845554692281e+00
5.280000955328736367e+00
5.868507734127787145e+00
5.349460415890040288e+00
5.223872194316172113e+00
5.672150230429785722e+00
5.869671846385508651e+00
5.733007510915368421e+00
5.063082088486510202e+00
5.570324027521381893e+00
4.919887816828104832e+00
5.445000318351152835e+00
6.040970349423575136e+00
4.852132845678831075e+00
5.387095525586400591e+00
5.366994849335911866e+00
5.860832484410921417e+00
5.765955265727780166e+00
6.178043890656871540e+00
7.622676194973298180e+00
7.334941666210536226e+00
7.573906562254063779e+00
6.650781581673006926e+00
6.421557105730247628e+00
6.129877940841135242e+00
5.328322196740979066e+00
5.099743559227534639e+00
5.538941224372806005e+00
5.622546745597254869e+00
5.770912773595272327e+00
5.885005396273577105e+00
5.463244264995287480e+00
5.551782341927066433e+00
5.274961143006891007e+00
5.275046351099925701e+00
5.025632592870405091e+00
5.181078056245656427e+00
4.768663651502150103e+00
4.537677861602031015e+00
4.290418083513602099e+00
4.087801024754757151e+00
3.975909892336545681e+00
4.442071161607460184e+00
4.411921931852383238e+00
4.412531763223436876e+00
4.396669908344000177e+00
4.401000889151405637e+00
4.828931773878853306e+00
4.878214400498245951e+00
4.818070254729802215e+00
4.902677132310808261e+00
4.948864592727753475e+00
5.633999011996797535e+00
5.613132876411161654e+00
5.816431510518771830e+00
5.785928506372576052e+00
5.825875223326235641e+00
5.886745141785128865e+00
5.974401889629133322e+00
5.975200238961539512e+00
5.977356435959315206e+00
6.027478765122568305e+00
6.025320917542996035e+00
6.038402846156760262e+00
5.506353267478441893e+00
5.556832113820310504e+00
5.674624905682322584e+00
5.766447280677575726e+00
5.734486591822634871e+00
6.340442049722248896e+00
5.817345387464579076e+00
5.723958535916782608e+00
5.968572320948699605e+00
6.275619646138641983e+00
5.844102192043838961e+00
5.759698245132082839e+00
5.707390230145403365e+00
5.746887318808081346e+00
