1.697221929226597981e+00
1.718004367705412649e+00
1.736048149424951115e+00
1.751870153629092375e+00
1.765861664258137953e+00
1.778325607840909317e+00
1.789500814500341708e+00
1.799581053151488863e+00
1.808732093849221068e+00
1.817101219767752740e+00
1.824808103769716361e+00
1.831917579354053416e+00
1.838423688704341474e+00
1.844289808956386612e+00
1.849547876815817782e+00
1.854367720015232646e+00
1.858972937925155833e+00
1.863420915917984644e+00
1.867501575967768446e+00
1.871007002073290071e+00
1.874134615610845822e+00
1.877359153105705447e+00
1.880763352010593970e+00
1.883898345351609382e+00
1.886582564298623588e+00
1.889102875410640703e+00
1.891303536446156119e+00
1.892823034316300168e+00
1.894229050501317069e+00
1.896146466126487518e+00
1.898263945245020290e+00
1.900156142050196006e+00
1.901546796652964666e+00
1.902612443943456855e+00
1.903860469433738212e+00
1.905172898251270119e+00
1.906357954480750738e+00
1.907566354068665371e+00
1.908845989923509068e+00
1.910784127502594965e+00
1.914777616310364028e+00
1.921452773847514006e+00
1.929968946943066088e+00
1.938116749748162393e+00
1.943708608036252894e+00
1.946537582900878416e+00
1.947698419570248030e+00
1.948216412658733798e+00
1.948573165532295537e+00
1.948898009801786291e+00
1.949216397265094436e+00
1.949544619602668227e+00
1.949991783241495691e+00
1.951721355695178683e+00
1.955205456306033707e+00
1.956317008354028220e+00
1.962591545948922489e+00
1.961241974582995429e+00
1.956266514303837134e+00
1.946137624914769271e+00
1.941314705881047153e+00
1.935632330598850093e+00
1.931077781233226709e+00
1.929607179366897407e+00
1.929378689945941527e+00
1.929628182340828335e+00
1.929221278389182004e+00
1.927056660184590209e+00
1.923215604639084475e+00
1.918617637426226263e+00
1.914922417607078708e+00
1.913089569902755693e+00
1.912731177439539687e+00
1.913172390725483618e+00
1.914040418034264945e+00
1.914891064804872034e+00
1.915450198051611430e+00
1.915779018202953710e+00
1.915792828231308365e+00
1.914719435442420847e+00
1.911656809063991824e+00
1.907380606245054233e+00
1.904210983513594302e+00
1.903562690914980760e+00
1.904119531135190835e+00
1.903604828312520425e+00
1.901985814536705455e+00
1.901500999990714202e+00
1.903705540618680914e+00
1.907718070070661520e+00
1.910664041321916473e+00
1.910034769030604096e+00
1.906082602493684108e+00
1.901549791533562628e+00
1.899189384417611315e+00
1.899757066695769048e+00
1.901966311333598281e+00
1.903760036382738940e+00
1.903641098149014832e+00
1.900818173122052146e+00
