1.840975035388778602e+00
2.068471865910211704e+00
2.309601816374196481e+00
2.564583053066409768e+00
2.833600447916022169e+00
3.116736477240895198e+00
3.414110311166922429e+00
3.725725990024500778e+00
4.051647949310286378e+00
4.391860580419695737e+00
4.746384074200676650e+00
5.115065362393161230e+00
5.497582524888483313e+00
5.893177292988064586e+00
6.300426274715318797e+00
6.711182267567672888e+00
7.126012649386758824e+00
7.489517825529134143e+00
7.827426993693656243e+00
8.162975585075482599e+00
8.494188406263447177e+00
8.821027316614479474e+00
9.139364617099809962e+00
9.424062504195195089e+00
9.661721836795170049e+00
9.859812568602153604e+00
1.003340099373329508e+01
1.020839587915306979e+01
1.031995119514861869e+01
1.045950011672468172e+01
1.061744329061950687e+01
1.017833879227530680e+01
9.136952946112025131e+00
8.645796116490025440e+00
8.109090459967667641e+00
8.140802458468428426e+00
7.598944942851254325e+00
7.045626395837665257e+00
7.055580189063996421e+00
6.511680930727572481e+00
6.598341947555483422e+00
6.642804914444796260e+00
6.051606158545596692e+00
6.161874854772381838e+00
5.636714611918297813e+00
5.618650497917977660e+00
6.176801239134705135e+00
6.011453422089795495e+00
5.818018181586182891e+00
6.417653542407721901e+00
5.959103077465050191e+00
5.721464726047143401e+00
6.026497706562610190e+00
5.797096677363189343e+00
5.615330455649649721e+00
4.953189486059056179e+00
5.311293845244389189e+00
5.025501284078203845e+00
4.767364553934248406e+00
4.541119494149946867e+00
5.046064709076166110e+00
4.845627357104191013e+00
4.574253319993578870e+00
4.429242980434970001e+00
4.325788175900756372e+00
4.239862831868387971e+00
4.286997238023872114e+00
4.625278288026704487e+00
4.597724555632312970e+00
4.464108517809648902e+00
4.437976537501343799e+00
4.344023318449901971e+00
4.368915375990125582e+00
4.340893582482374669e+00
3.693740905341025726e+00
4.463972108602307642e+00
4.177399578351455034e+00
4.289616647577251030e+00
4.125991047670294343e+00
4.196680354748401065e+00
4.072088600677852277e+00
4.110982535785550951e+00
4.007876572836105211e+00
4.079598042818778580e+00
4.077758674604078593e+00
4.664244667529763078e+00
4.525303023455047757e+00
4.642508912227111040e+00
4.502063423047265367e+00
4.562053860683858986e+00
4.524408737989025653e+00
4.538299140662479303e+00
4.557973999910831964e+00
4.465885292980078525e+00
4.631104959439195312e+00
4.496746339182724483e+00
4.502754834390582772e+00
4.506642190321485941e+00
4.518508362007105816e+00
4.557736751798618258e+00
