1.889063286457388635e+00
2.113117356645955347e+00
2.351373753509397702e+00
2.603923360106778162e+00
2.870809483118362593e+00
3.152049232479451568e+00
3.447648899546331691e+00
3.757618003457789513e+00
4.081983980399883194e+00
4.869628980669052254e+00
9.170145615855314958e+00
1.161641174670756449e+01
1.311605875319618519e+01
1.392219885845616467e+01
1.493133467268998871e+01
1.547233066762347065e+01
1.600791505128884396e+01
1.652975743201212211e+01
1.659249025619267570e+01
1.708868019643088232e+01
1.713463709149017689e+01
1.672905338978775802e+01
1.766337650055841380e+01
1.812906120140090493e+01
1.768698324893533780e+01
1.770551272904393514e+01
1.771114329740272098e+01
1.771686125417820534e+01
1.724815118802350966e+01
1.723453902169853436e+01
1.722303939781708948e+01
1.653048983993075183e+01
1.742208798207809650e+01
1.740996290648269351e+01
1.740983416874767897e+01
1.741901433282217937e+01
1.743451586084354332e+01
1.744631063299714668e+01
1.746134043558329552e+01
1.703046988216029689e+01
1.706039407766262883e+01
1.707194079023452105e+01
1.617826101005822537e+01
1.619560766209016123e+01
1.527474023864132491e+01
1.388926163135726632e+01
1.476040611799659885e+01
1.381105809620911629e+01
1.421053091668272117e+01
1.467614123796409764e+01
1.416147846159267942e+01
1.367500407347612423e+01
1.315192577043766597e+01
1.264000971154491459e+01
1.259703319974521385e+01
1.217336855074404589e+01
1.209792531507202895e+01
1.148648512174268888e+01
1.088379411421220411e+01
1.074349112236954085e+01
1.074937653948359895e+01
1.020273605985476451e+01
1.001985190970717632e+01
9.502074197040734305e+00
9.457244930440499076e+00
9.426260597254250584e+00
9.524748338197804642e+00
8.904439117013351890e+00
8.940004331974671814e+00
8.861793703859710547e+00
8.886615559171838541e+00
8.384889702342789519e+00
8.435143070536796017e+00
8.430179049490917009e+00
8.384474719106364660e+00
8.995707026214795121e+00
8.846175918661860038e+00
8.132907314369216323e+00
8.865648321068153592e+00
8.978315155614154719e+00
8.879213786983283896e+00
9.381027516189757165e+00
9.311471271076342759e+00
8.927313935903864461e+00
9.321004502714259843e+00
8.956255169066290378e+00
9.279314042240530469e+00
8.985518340748020805e+00
8.846275409784091437e+00
8.935092161399120769e+00
9.352363470527883749e+00
9.814155389331771673e+00
8.972843661886635402e+00
8.440858334464861557e+00
9.394754976441024752e+00
8.905217532181616491e+00
9.339077539727597355e+00
8.466845124553106672e+00
8.896112090268127659e+00
8.931612147256364764e+00
