7.864508859790597661e+00
8.957612540187707140e+00
1.012403665726002799e+01
1.136392865893371962e+01
1.267898024760691911e+01
1.409447348322510152e+01
1.034661733487307700e+01
9.017513636612422445e+00
7.469222932951144145e+00
6.946888956836279050e+00
5.471486605605396569e+00
5.316390609954927626e+00
5.133911443491742332e+00
4.892488734215186597e+00
4.056731481816325591e+00
4.319697533961919689e+00
4.524552634509071858e+00
4.105824265435075837e+00
3.699241308623582913e+00
3.256411093327017170e+00
3.892913162906153079e+00
3.971575528337059957e+00
4.101618765650831833e+00
3.560568105399914973e+00
3.595863991050175734e+00
4.714782684595320461e+00
3.525060356091743508e+00
4.009808223168100483e+00
3.968692293295300377e+00
4.419941904807538791e+00
4.225495672282011839e+00
4.360814493391569791e+00
4.796546156072984957e+00
4.128873999925489535e+00
4.039948255985557957e+00
3.995782451326384432e+00
3.974052393473817890e+00
4.570544855781390581e+00
4.058545379675992493e+00
4.038477888557292950e+00
4.624251799078828995e+00
5.198853914819167699e+00
5.163287075821068051e+00
5.602974688291567418e+00
6.462772482688462716e+00
7.754334492945934798e+00
7.183086193584538037e+00
6.573614767021899397e+00
6.056821583716319068e+00
5.011136305140222902e+00
4.494211578985952471e+00
4.679080042650304527e+00
5.352531700900616585e+00
5.422035398087907687e+00
5.455398106692214810e+00
4.857914120942846026e+00
4.986647430869052044e+00
5.040458670766604143e+00
4.596993061319123441e+00
4.619462778148697879e+00
4.323595478447932017e+00
4.097471789474145254e+00
4.462522023248386205e+00
4.397277031164548156e+00
4.452591268481548958e+00
5.136961637584464668e+00
5.230666971167757140e+00
5.229101727138807831e+00
5.939275374853933087e+00
5.932506599922188428e+00
6.006656090455756214e+00
6.093733353545161435e+00
6.227455818689859868e+00
6.439162147302195827e+00
6.572247752953234823e+00
6.731546959640017036e+00
6.326135456323012995e+00
6.405069023203521894e+00
5.913346522662262572e+00
6.508911492002657617e+00
6.521047508801143699e+00
6.505315469660112093e+00
5.931262189325327228e+00
5.946668341414285130e+00
6.628585440751596281e+00
6.038798852797338412e+00
6.699536465988579437e+00
6.735359285678979013e+00
6.895352991875894233e+00
6.901640673522779323e+00
6.949368244494573688e+00
6.481595108403183758e+00
6.580347731150540724e+00
6.548896398639698191e+00
6.576618255679788305e+00
6.567563441043153816e+00
7.158738331609022509e+00
6.535364139013440266e+00
5.975769723485869100e+00
6.521899402331837514e+00
