6.060606060606060774e-01
6.060606060606060774e-01
6.060606060606060774e-01
6.060606060606060774e-01
6.060606060606060774e-01
6.060606060606060774e-01
6.060606060606060774e-01
6.060606060606060774e-01
6.060606060606060774e-01
6.060606060606060774e-01
6.060606060606060774e-01
6.060606060606060774e-01
6.060606060606060774e-01
6.060606060606060774e-01
6.060606060606060774e-01
6.060606060606060774e-01
6.060606060606060774e-01
6.060606060606060774e-01
6.060606060606060774e-01
6.060606060606060774e-01
1.212121212121212155e+00
1.212121212121212155e+00
1.313131313131313149e+00
1.313131313131313149e+00
1.313131313131313149e+00
1.313131313131313149e+00
1.313131313131313149e+00
1.313131313131313149e+00
1.313131313131313149e+00
1.313131313131313149e+00
1.313131313131313149e+00
1.313131313131313149e+00
1.111111111111111160e+00
1.111111111111111160e+00
1.111111111111111160e+00
1.111111111111111160e+00
1.111111111111111160e+00
1.111111111111111160e+00
1.111111111111111160e+00
2.020202020202020166e-01
