2.500003434259781088e+01
2.500006648836873069e+01
2.499993917635546481e+01
2.499994636286937322e+01
2.500003260974206398e+01
2.500003940995921781e+01
2.500006772299409974e+01
2.499992962749564285e+01
2.499982088920406298e+01
2.500014154085892315e+01
2.500022283371241727e+01
2.499987322997197836e+01
2.499979047385867403e+01
2.499987744576465332e+01
2.500023203810869532e+01
2.500050457563949990e+01
2.499963352796994798e+01
2.499929907449518751e+01
2.500033568415666707e+01
2.500077201004184246e+01
2.500016848601769226e+01
2.499808175131407850e+01
2.499723053116333915e+01
2.499923449686751908e+01
2.499868596238775353e+01
2.499327481863128497e+01
2.499410885159064577e+01
2.498891867672709921e+01
2.499397600335117886e+01
2.499447463993492136e+01
2.498060716673171200e+01
2.495690206405513578e+01
2.493075312224608098e+01
2.487890843742294678e+01
2.482113618114566123e+01
2.481780121094762137e+01
2.470720836790844999e+01
2.469712913277485100e+01
2.469507649784633330e+01
2.444497241739695781e+01
2.405072997759352305e+01
2.369853999761955521e+01
2.334444101473784272e+01
2.303600673466038273e+01
2.260660706115319840e+01
2.259191283827360763e+01
2.166523375909349625e+01
2.033766122633449669e+01
1.939392174687585424e+01
1.851072339212861095e+01
1.743734735956135040e+01
1.705094531661676882e+01
1.587468818642777002e+01
1.409501812929858211e+01
1.263745374089596396e+01
1.166508591048921240e+01
1.057415876785506725e+01
9.964067557120571905e+00
8.704653976787838587e+00
7.577884157332639425e+00
6.769814631311351860e+00
6.066973971070478200e+00
5.599703536716755359e+00
4.959320623550266482e+00
4.430253861231311596e+00
4.038452442289147015e+00
3.711190740322266368e+00
3.394863642094014811e+00
3.099830037881153633e+00
2.842365593997004503e+00
2.606962794556713980e+00
2.390310763567745411e+00
2.191350674593831371e+00
2.010155983175287986e+00
1.843132746748301631e+00
1.686995231519763161e+00
1.539566745962899663e+00
1.399379227483882770e+00
1.265880450180015604e+00
1.139157695418338889e+00
1.019558032349785703e+00
9.074053775393345900e-01
8.028507838437749511e-01
7.058429079974788412e-01
6.161754569937274439e-01
5.335589915910382564e-01
4.576825011252065312e-01
3.882528775152054856e-01
3.250143844003009486e-01
2.677546030297816015e-01
2.163027535259771372e-01
1.705244684362312579e-01
1.303154850194680747e-01
9.559559480418926281e-02
6.630347165769692741e-02
4.239257379544894566e-02
2.382808292924552818e-02
1.058473514532766099e-02
2.645365478399429229e-03
