3.048061323070854201e+02
3.048564576547032061e+02
3.048706477843306857e+02
3.044539841047916866e+02
3.042440924696766160e+02
3.046269711818264341e+02
3.046989746691958203e+02
3.041025496959790075e+02
3.040435696018626004e+02
3.039710809698963772e+02
3.043063638259412187e+02
3.040661686299196163e+02
3.049085324511838166e+02
3.049167171801838094e+02
3.062437191860621510e+02
3.069980510951853034e+02
3.074664535847825846e+02
3.098469279280831756e+02
3.067374685880233756e+02
2.756584381908912178e+02
1.940608951213038722e+02
1.253371639214094841e+02
9.420004521168705480e+01
7.670243486229247765e+01
6.319974677015675724e+01
5.191422470717186144e+01
4.225193717793064252e+01
3.397956209245752035e+01
2.690524206686402664e+01
2.104176580892515958e+01
1.608411959156952520e+01
1.199389723825646925e+01
8.763545484479637437e+00
6.205102493904100847e+00
4.195316731680497568e+00
2.643559044268672942e+00
1.476333905420476489e+00
6.536893593793320356e-01
1.628294306249668255e-01
