5.000000806030795530e+01
4.999999392549233335e+01
4.999999698853039121e+01
5.000001185006485116e+01
4.999998866226000160e+01
4.999999817402817825e+01
5.000001748030003057e+01
4.999998010451831476e+01
5.000000371982794434e+01
5.000002193244101534e+01
4.999996443912021959e+01
5.000001846726242860e+01
5.000002152553576451e+01
4.999994497506813218e+01
5.000005138598441334e+01
5.000000099784066521e+01
4.999992824107845735e+01
5.000010355267298223e+01
4.999994052592308691e+01
4.999994777139453106e+01
5.000016525285863622e+01
4.999981577955550449e+01
5.000004607858597439e+01
5.000015306226930534e+01
4.999963316762779897e+01
5.000029351311708581e+01
4.999985817096865759e+01
4.999918262349460463e+01
5.000018784975992503e+01
4.999834821931602136e+01
4.999870546300536489e+01
4.999634464704822534e+01
4.998843547538263010e+01
4.998338121422735014e+01
4.998185816317398178e+01
4.995684880432266084e+01
4.990411586179888559e+01
4.984898929071442808e+01
4.979103707343760732e+01
4.964971311715247992e+01
4.932028794911764891e+01
4.896665971701284548e+01
4.874115073792106045e+01
4.785121761430637122e+01
4.681869041264562270e+01
4.571826393473689620e+01
4.458514186295403192e+01
4.207163372272857060e+01
3.978822619937221106e+01
3.822738705972832207e+01
3.461103872913913193e+01
3.143592454799664537e+01
2.931128992244475384e+01
2.555632166202244093e+01
2.261077885502651341e+01
2.044244988658257967e+01
1.765071031878920849e+01
1.576325208291549806e+01
1.407672398875439690e+01
1.250247131454913152e+01
1.140760444001419671e+01
1.031453894259279025e+01
9.448619409706914496e+00
8.703632590007133629e+00
8.033269632176468278e+00
7.430983363687601262e+00
6.876991127984173779e+00
6.366348526004863118e+00
5.889378198657905905e+00
5.443354887670855291e+00
5.024854427328434348e+00
4.631739967494604926e+00
4.261899124549934470e+00
3.913415485247064840e+00
3.584831516022145781e+00
3.275110559891045714e+00
2.983357253632954453e+00
2.708667837247400456e+00
2.450186209576369567e+00
2.207196121559312552e+00
1.979130709739862048e+00
1.765518935973096504e+00
1.565929866791066161e+00
1.379943775095264780e+00
1.207146791858255463e+00
1.047136799609554858e+00
8.995321696409175338e-01
7.639799809957136256e-01
6.401627179052088445e-01
5.278029359753736438e-01
4.266654390045091505e-01
3.365567645881161196e-01
2.573222338458781566e-01
1.888412511805936667e-01
1.310217649577925247e-01
8.379477191897050092e-02
4.710952632082372749e-02
2.092980685881966341e-02
5.231305073244573930e-03
