3.058016711355074335e+02
3.058485832458623577e+02
3.059911862656236394e+02
3.057853352615905465e+02
3.057285254776248848e+02
3.059865871530562913e+02
3.058769490518478165e+02
3.058890531497859797e+02
3.058182541320628616e+02
3.056772325934036871e+02
3.057439874992430759e+02
3.048206254308256575e+02
3.050208481844414905e+02
3.048380947827518526e+02
3.050614111608007306e+02
3.039439172256960546e+02
3.047460205866184424e+02
3.048313280102185558e+02
3.042919784775942276e+02
3.046387937017365743e+02
3.047172429138686880e+02
3.087426927012736542e+02
2.682934835954250730e+02
9.495654904799260976e+01
5.398013977335600799e+01
2.928471897197786689e+01
1.399441191881589042e+01
5.502787947655126466e+00
1.321254991650078869e+00
