1.000000002065392266e+02
1.000000000185998772e+02
9.999999981092284429e+01
9.999999997823996978e+01
1.000000001933210001e+02
1.000000000044832973e+02
9.999999980548790290e+01
1.000000000271159308e+02
1.000000001499380886e+02
1.000000000136136435e+02
9.999999978471144857e+01
1.000000000960937143e+02
1.000000000861674039e+02
1.000000000293845801e+02
9.999999977009429131e+01
1.000000001581917530e+02
1.000000000214464677e+02
1.000000000379814793e+02
9.999999977498225689e+01
1.000000002073604861e+02
9.999999995405070763e+01
1.000000000755045590e+02
9.999999976676852498e+01
1.000000003280641891e+02
9.999999979545086148e+01
1.000000003182037176e+02
9.999999943092063859e+01
1.000000005671001588e+02
9.999999839149243996e+01
9.999999839984468508e+01
9.999999279126612350e+01
9.999997218967084223e+01
9.999991958342516796e+01
9.999978147527225758e+01
9.999923668871342386e+01
9.999825778949795563e+01
9.999417157783152277e+01
9.998751307582995196e+01
9.996290470819312191e+01
9.992516139530488317e+01
9.980388535703509945e+01
9.962331810101024132e+01
9.919646510336608003e+01
9.844693821584215243e+01
9.747875645986322013e+01
9.525533081589463791e+01
9.277862334028317548e+01
8.797154771123669548e+01
8.282924461344626366e+01
7.702848818621626492e+01
6.873774152818189975e+01
6.121867332442346310e+01
5.373975625085908092e+01
4.596820091553379939e+01
3.988441200883053028e+01
3.498256075100317730e+01
3.069380879614065805e+01
2.751613714774551767e+01
2.498425392819838464e+01
2.290109796294775180e+01
2.110813640114663770e+01
1.953792378637959715e+01
1.812240163738830745e+01
1.682385113815013256e+01
1.562216359363423912e+01
1.450406134896812382e+01
1.345950068978454617e+01
1.248089200252140607e+01
1.156210712807515684e+01
1.069793027262589291e+01
9.884041554664594997e+00
9.116827635682842157e+00
8.393303990024309158e+00
7.710978035790328811e+00
7.067653157850385170e+00
6.461235825380633457e+00
5.889632442445076776e+00
5.350790516258724594e+00
4.842854914571112168e+00
4.364339166580471385e+00
3.914206339733523610e+00
3.491809796878595495e+00
3.096722600129464098e+00
2.728537095562391990e+00
2.386718115883572189e+00
2.070554384792839375e+00
1.779202662336053287e+00
1.511784654850692355e+00
1.267488543333542328e+00
1.045640105531505215e+00
8.457301136185252366e-01
6.674034185153623344e-01
5.104250838576240845e-01
3.746400783833470638e-01
2.599386105614949205e-01
1.662329797173201784e-01
9.344650864465714468e-02
4.151186741286543025e-02
1.037486862993156414e-02
