1.000000000000000000e+00
2.577480668020635801e-01
1.286495904485426278e-01
9.059085859146698283e-02
7.231109292146153944e-02
6.154337849872879018e-02
5.478330912218756787e-02
5.105309635794539475e-02
5.052994561976525273e-02
5.467365698286050929e-02
6.836869068012624284e-02
1.138231652059040616e-01
4.008785226528581713e-01
6.457190166624343641e-01
1.936610363068480833e-01
1.351051337356465876e-01
1.239313104746056354e-01
1.042297829388677266e-01
7.422613913217560033e-02
5.392598453866489366e-02
4.438784744822536071e-02
4.156615621492747853e-02
4.546528481267664290e-02
6.457518293383238128e-02
1.625999399689083413e-01
5.309963655167004859e-01
2.740009160019354906e-01
1.194590158308749817e-01
1.023249664436224754e-01
1.181186598866802023e-01
1.174881561938473512e-01
8.394695376120166197e-02
5.245047760337692017e-02
3.857540203248701477e-02
3.594832132284069698e-02
4.417826479956791369e-02
8.923109364581023606e-02
2.645418312039032882e-01
3.773981443747281839e-01
1.451013439428479601e-01
8.962473028669562525e-02
8.819242900986715150e-02
1.081127398326067468e-01
1.079454567722627767e-01
7.851888821312916211e-02
4.972558323686872284e-02
3.559290041868837934e-02
3.544133448622660554e-02
5.866670681769799861e-02
1.474077354549564178e-01
2.755052399238545613e-01
2.102585100322713896e-01
9.890035771914601481e-02
7.846825201739617006e-02
8.524133844574209584e-02
9.813904238644527434e-02
9.185895599410970336e-02
6.815701479994899781e-02
4.549739587342459257e-02
3.568462545602552743e-02
4.512253943811459639e-02
9.387276405265498891e-02
1.798924626316790454e-01
2.072238721360069313e-01
1.283923508014285508e-01
7.969995661541312559e-02
7.630752945449728597e-02
8.201177394964320744e-02
8.542359115738024089e-02
7.563250047277032817e-02
5.718194577037054999e-02
4.276674606034066434e-02
4.219083542248564661e-02
6.991484473276164680e-02
1.216732783140191121e-01
1.632081143810031332e-01
1.446544823030595783e-01
9.192121767292341095e-02
7.124732809247508181e-02
7.389971145087295690e-02
7.754917409674989826e-02
7.427112399643483187e-02
6.307110476479838024e-02
5.163308838061169553e-02
4.482914690452388662e-02
6.158346750467582481e-02
9.008111756477196752e-02
1.272888815201102253e-01
1.324335068581398156e-01
1.064991197886542978e-01
7.605592205407830930e-02
7.450937025394559210e-02
7.873665252981397467e-02
7.519125045383297234e-02
6.596147025637678907e-02
5.570315900384182478e-02
5.433992927004155371e-02
5.457835252657927683e-02
7.605427254360154488e-02
9.856031746717287823e-02
1.147558288869475196e-01
1.103205657575070664e-01
8.545382707589191384e-02
6.878491471343113617e-02
6.443486971512213390e-02
7.318805157886201784e-02
7.130221547450600605e-02
5.813035009892880689e-02
6.366969989649387540e-02
5.468933846002676374e-02
6.225036191359267085e-02
7.631867100300156193e-02
1.020744785937398869e-01
1.007358382516394396e-01
8.667266372747750580e-02
7.030633838514897815e-02
7.169347938176635904e-02
6.794578369722224787e-02
6.365590919782213031e-02
7.515693135696277505e-02
5.664356555006276606e-02
6.346590255809514414e-02
6.376014835296460459e-02
7.459617691437941955e-02
7.607016071718780692e-02
9.357524861942115302e-02
8.593457954426565737e-02
7.565558662748053664e-02
6.821509718195202521e-02
6.106728176762216131e-02
7.216994842457254145e-02
5.845822084000351637e-02
6.362774856179181926e-02
6.095496777816220013e-02
6.037109984593323764e-02
6.797005883067111509e-02
8.277068499914222444e-02
6.998656418641951982e-02
8.435244007665324006e-02
8.129434659814005482e-02
6.282327230202353063e-02
7.477426974251356884e-02
5.844603379179153652e-02
7.075558107155172083e-02
7.478823223646054175e-02
6.343304675316259467e-02
8.497005106349517223e-02
7.562320759685725591e-02
6.969097469365508057e-02
8.866306946447635728e-02
7.513940993629676657e-02
8.223578784927151886e-02
7.972656450482901169e-02
7.160348673560293364e-02
6.316021253049865225e-02
6.163963522739038942e-02
5.811444149869875175e-02
6.465387967888769349e-02
6.472923380089251610e-02
7.566307362480784171e-02
8.805491653216526715e-02
6.177724352959122062e-02
8.404004840006243371e-02
6.020433621309644046e-02
7.300053423745403447e-02
6.622587148483699560e-02
8.244921740506182262e-02
6.298010704330286869e-02
7.604651447400261055e-02
7.934170135781749844e-02
6.098423046117169150e-02
6.579192445849230131e-02
6.066691466505551300e-02
8.009984930806968162e-02
6.606242435565416737e-02
9.164473092475584892e-02
6.770711432625543813e-02
6.175457663543539033e-02
6.534310396932201115e-02
7.745772187859806257e-02
5.878759053776573540e-02
6.817444788428723979e-02
6.918540382222758411e-02
8.046751666586911267e-02
8.163695859140802924e-02
7.568655940471669119e-02
6.718349625740156761e-02
5.726825132604668883e-02
7.978998543379065000e-02
8.049577142009567421e-02
6.324147885776580658e-02
6.418643304409347994e-02
7.405886835363596765e-02
7.684670292350775922e-02
8.847682086143318636e-02
5.688291684178799906e-02
7.561013899446791808e-02
7.487748566614033097e-02
7.890347643759410001e-02
7.029690080368369842e-02
6.245006722844429620e-02
7.177060997576167889e-02
6.382494218201821556e-02
6.852284530978615396e-02
7.818862314739927211e-02
5.831178143835924477e-02
5.945124553821579116e-02
8.682863487239853018e-02
8.154753652384041929e-02
6.073532010106998114e-02
6.710341962137081340e-02
9.641721282054663278e-02
5.477411668249510673e-02
6.033220761780567348e-02
8.950273353056599490e-02
5.835863727491859970e-02
6.934879827125041418e-02
7.500111611910753595e-02
7.298726162948157570e-02
7.052151997705650988e-02
6.692609295651344437e-02
8.956022776685262921e-02
7.091444373030866832e-02
5.611443601253281177e-02
9.812825602356983756e-02
6.266879156483289026e-02
5.697778001915204671e-02
9.743514223036915667e-02
5.846402201140252913e-02
7.015470050620742359e-02
9.497956502110217747e-02
6.082329061144580579e-02
7.389200888974956083e-02
9.093900078970797163e-02
6.253130007572145488e-02
7.607629139023484866e-02
8.358226179212860374e-02
6.777269348461578691e-02
7.734979582464163173e-02
6.296664064208612466e-02
7.573723655698622048e-02
8.696058587913181592e-02
5.479585514387239065e-02
9.282911899029154534e-02
8.217346051738647073e-02
5.471338142938680232e-02
9.527486470016109654e-02
6.554941179195833412e-02
6.029743698646201910e-02
8.971879337220234341e-02
7.066200833916926050e-02
5.415974988938354606e-02
8.367218171755511080e-02
5.892615968825450773e-02
8.372947539664497840e-02
7.427782090638267165e-02
6.363447831907208252e-02
8.464940935399790922e-02
6.678106237304183568e-02
8.370807831448620617e-02
6.564841062671639138e-02
7.164029158836636435e-02
6.685277606462639022e-02
8.113609622682847744e-02
5.879531962199820161e-02
6.202368755650928406e-02
7.571087257932856973e-02
6.587419260438912016e-02
7.565217800814638682e-02
6.284883138267778613e-02
7.323278713249956051e-02
7.485369787200965574e-02
7.918293495179465347e-02
7.350285314779334001e-02
6.824601933142071530e-02
8.239802240633203878e-02
6.606677288556943306e-02
5.847368054176543123e-02
5.747581141490781115e-02
8.137873495340515462e-02
7.524953307617482379e-02
5.704654137261362667e-02
7.950743681856299594e-02
7.838268816662873062e-02
9.235691462357019377e-02
5.062400947252376771e-02
6.151739509438145653e-02
5.953740016240915978e-02
1.049240552069449356e-01
6.056638405168453948e-02
6.155179189353465752e-02
6.657585891320856597e-02
1.121367914045466596e-01
7.332406872663418951e-02
6.494991179090035816e-02
6.252851965168713944e-02
1.053640012944922627e-01
8.395111470827307243e-02
6.205331866383233946e-02
6.730249245822941817e-02
8.408129616663581607e-02
9.958231418432537951e-02
5.319364956717465703e-02
7.391672788030949348e-02
7.256930844812381487e-02
1.269001787853261953e-01
5.027778180960151833e-02
8.037329456680682160e-02
5.725498484284131939e-02
1.477141575745191948e-01
5.771550507148388853e-02
7.921612038315548054e-02
5.212074570695335307e-02
1.367521402099940164e-01
7.051925760606686522e-02
7.348114668082202094e-02
5.188547593564393073e-02
1.110023328676254806e-01
8.767270925985641561e-02
6.141648726261696861e-02
5.882957368299415735e-02
9.006104959699033630e-02
1.120680338609257032e-01
5.756365658009463676e-02
7.016899731667315676e-02
6.596492685946522827e-02
1.292471467871453283e-01
6.101112917129600244e-02
7.441661281698785935e-02
5.627930044118868713e-02
1.261897436560162622e-01
5.841846464848728104e-02
7.499947934972100994e-02
5.582014966154669189e-02
1.202371202501927860e-01
6.869282001978120611e-02
6.861567611667940270e-02
5.082950152741484012e-02
9.301476768952139651e-02
7.186349199178623803e-02
6.500709313720211269e-02
5.920902803774942547e-02
8.834838492839565405e-02
9.404906260541391616e-02
6.508011167337927894e-02
5.942901417107048639e-02
6.542596892863061786e-02
8.476416713597069441e-02
6.735225932253494086e-02
6.409930108021658079e-02
7.359234279787307820e-02
8.680599568511922215e-02
5.767973348915368670e-02
6.918257522442332330e-02
5.622687094515638889e-02
8.987859902838517268e-02
7.126885528991870611e-02
7.007516148507028642e-02
7.631475887792274482e-02
6.518129751489049051e-02
6.018246825375653253e-02
7.194381530387852774e-02
7.184560129013981000e-02
9.334316384484449280e-02
6.753167581731317481e-02
5.619249845678935679e-02
7.020385614955550191e-02
6.624856202573986552e-02
8.520783482011438925e-02
6.326200885951853425e-02
6.624444850161990972e-02
8.226715634830236712e-02
7.843883425769362927e-02
7.748232230281255906e-02
5.739635308328201735e-02
6.776977604045389403e-02
7.884853164273913917e-02
7.189148687530953763e-02
7.602292866791492132e-02
5.958586721024924232e-02
6.778936261822335330e-02
7.455925046829973979e-02
8.063085457284240032e-02
6.902362758591511216e-02
6.321051038346549300e-02
7.265118294270229982e-02
9.171338259665742787e-02
8.575768436779582227e-02
7.090328184851579785e-02
6.067449660442125747e-02
5.708101248792465249e-02
8.717267394221073218e-02
6.611568541232921981e-02
7.324559831155774692e-02
5.341269117596050831e-02
6.277092209621204510e-02
7.101279408605189192e-02
6.262114788497370743e-02
7.414375349267605941e-02
6.901892273544586731e-02
9.313789188327120661e-02
6.030899094063183613e-02
6.749282870737760565e-02
7.271790159630327210e-02
7.734428442117700919e-02
7.107004218536577822e-02
6.327532229280391496e-02
8.201038808748176145e-02
5.929284096318993003e-02
6.616534740369241219e-02
7.749748322681598856e-02
8.293101080340220532e-02
6.496374860326498135e-02
6.184865411986205375e-02
5.710002872747054620e-02
5.619839836729954158e-02
8.332619729064888459e-02
7.912784889064472527e-02
7.996437377181928041e-02
6.806644043184041648e-02
6.988573609464744651e-02
5.763010824555335476e-02
7.601003667836088440e-02
9.057656108742163925e-02
7.168575222224203569e-02
7.380120946351220734e-02
6.553123672279283218e-02
6.075857116544230302e-02
7.362146660448240509e-02
1.012937619500174219e-01
7.639477059389467029e-02
6.622564585174513241e-02
7.624039513588788675e-02
5.725882731001933484e-02
5.859747476103696617e-02
1.129952008307361783e-01
8.598560134981937664e-02
6.920903768772569686e-02
7.589504074882505447e-02
6.936145875679354533e-02
5.597896271339624502e-02
1.169420179025986994e-01
1.002945407155126367e-01
6.726976288013193639e-02
8.560732577670833454e-02
8.396761298684883579e-02
5.245840896902075751e-02
9.390063145295433900e-02
1.369809617363018373e-01
6.067094139540857300e-02
