1.000000000000000000e+00
2.577480668020617482e-01
1.286495904485410735e-01
9.059085859146670527e-02
7.231109292146123413e-02
6.154337849872827670e-02
5.478330912218771359e-02
5.105309635794547107e-02
5.052994561976503068e-02
5.467365698286022480e-02
6.836869068012486894e-02
1.138231652059012722e-01
4.008785226528623347e-01
6.457190166624224847e-01
1.936610363068479446e-01
1.351051337356480031e-01
1.239313104746039285e-01
1.042297829388664498e-01
7.422613913217376846e-02
5.392598453866508101e-02
4.438784744822339701e-02
4.156615621492572993e-02
4.546528481267460980e-02
6.457518293383501806e-02
1.625999399689114222e-01
5.309963655167163621e-01
2.740009160019264978e-01
1.194590158308747319e-01
1.023249664436224476e-01
1.181186598866783566e-01
1.174881561938498215e-01
8.394695376120309138e-02
5.245047760337578219e-02
3.857540203248677191e-02
3.594832132283984349e-02
4.417826479957019659e-02
8.923109364580532332e-02
2.645418312038860797e-01
3.773981443747300157e-01
1.451013439428581464e-01
8.962473028668745123e-02
8.819242900987930844e-02
1.081127398325948397e-01
1.079454567722655384e-01
7.851888821312333344e-02
4.972558323687263637e-02
3.559290041869162674e-02
3.544133448622832638e-02
5.866670681769991375e-02
1.474077354549553909e-01
2.755052399238741012e-01
2.102585100322959533e-01
9.890035771913943674e-02
7.846825201739912603e-02
8.524133844574090235e-02
9.813904238643834932e-02
9.185895599411147971e-02
6.815701479993907519e-02
4.549739587342249009e-02
3.568462545602580499e-02
4.512253943811601192e-02
9.387276405265725099e-02
1.798924626316752984e-01
2.072238721360126212e-01
1.283923508014229997e-01
7.969995661540917042e-02
7.630752945449674474e-02
8.201177394964424827e-02
8.542359115737567510e-02
7.563250047278061161e-02
5.718194577037631621e-02
4.276674606033774306e-02
4.219083542248179552e-02
6.991484473277453926e-02
1.216732783140052759e-01
1.632081143809643586e-01
1.446544823030617433e-01
9.192121767292160683e-02
7.124732809248297827e-02
7.389971145087273485e-02
7.754917409673565964e-02
7.427112399642611662e-02
6.307110476482005734e-02
5.163308838061431844e-02
4.482914690451524076e-02
6.158346750469374797e-02
9.008111756477492349e-02
1.272888815201238255e-01
1.324335068581134478e-01
1.064991197886415997e-01
7.605592205409211770e-02
7.450937025393465640e-02
7.873665252982972595e-02
7.519125045382474282e-02
6.596147025638318673e-02
5.570315900384753549e-02
5.433992927004431539e-02
5.457835252657619596e-02
7.605427254360003220e-02
9.856031746716051312e-02
1.147558288869621052e-01
1.103205657575225401e-01
8.545382707591210603e-02
6.878491471342071395e-02
6.443486971511186434e-02
7.318805157887420254e-02
7.130221547450947550e-02
5.813035009893655763e-02
6.366969989649597095e-02
5.468933846002383553e-02
6.225036191358212373e-02
7.631867100297949624e-02
1.020744785937462290e-01
1.007358382516417572e-01
8.667266372745359437e-02
7.030633838516132939e-02
7.169347938176159896e-02
6.794578369720784272e-02
6.365590919782342094e-02
7.515693135695201976e-02
5.664356555006785920e-02
6.346590255808036429e-02
6.376014835296835159e-02
7.459617691438391596e-02
7.607016071718274153e-02
9.357524861943243566e-02
8.593457954427362322e-02
7.565558662747602636e-02
6.821509718194455896e-02
6.106728176762832999e-02
7.216994842456128656e-02
5.845822084001269653e-02
6.362774856179052863e-02
6.095496777815553185e-02
6.037109984593317519e-02
6.797005883068671372e-02
8.277068499913757538e-02
6.998656418641067967e-02
8.435244007667760946e-02
8.129434659812591335e-02
6.282327230203821333e-02
7.477426974254035297e-02
5.844603379178163471e-02
7.075558107154203413e-02
7.478823223644841256e-02
6.343304675316507879e-02
8.497005106351585013e-02
7.562320759680152271e-02
6.969097469364027297e-02
8.866306946445978721e-02
7.513940993625818632e-02
8.223578784925629492e-02
7.972656450483148194e-02
7.160348673560196220e-02
6.316021253049673712e-02
6.163963522736853884e-02
5.811444149871609205e-02
6.465387967890352805e-02
6.472923380089418144e-02
7.566307362482793675e-02
8.805491653213561032e-02
6.177724352961784515e-02
8.404004840003849452e-02
6.020433621310506550e-02
7.300053423749797155e-02
6.622587148484387898e-02
8.244921740506783170e-02
6.298010704333847909e-02
7.604651447397570152e-02
7.934170135782037114e-02
6.098423046119999524e-02
6.579192445849188497e-02
6.066691466506168862e-02
8.009984930807272085e-02
6.606242435566410387e-02
9.164473092475966531e-02
6.770711432622995851e-02
6.175457663545169673e-02
6.534310396931300446e-02
7.745772187859970015e-02
5.878759053778673249e-02
6.817444788427577673e-02
6.918540382220490781e-02
8.046751666585272300e-02
8.163695859144187716e-02
7.568655940472683585e-02
6.718349625738535835e-02
5.726825132603260982e-02
7.978998543380780295e-02
8.049577142008347563e-02
6.324147885777997580e-02
6.418643304409367423e-02
7.405886835364731968e-02
7.684670292350130605e-02
8.847682086142528990e-02
5.688291684176612767e-02
7.561013899446701603e-02
7.487748566616234114e-02
7.890347643758052754e-02
7.029690080365659510e-02
6.245006722845366370e-02
7.177060997577844326e-02
6.382494218203228764e-02
6.852284530982054311e-02
7.818862314743792175e-02
5.831178143833723460e-02
5.945124553819599450e-02
8.682863487239453337e-02
8.154753652381614704e-02
6.073532010103142170e-02
6.710341962139058924e-02
9.641721282056529840e-02
5.477411668249983906e-02
6.033220761779178182e-02
8.950273353058703363e-02
5.835863727494061681e-02
6.934879827125384200e-02
7.500111611906812303e-02
7.298726162947576090e-02
7.052151997704596276e-02
6.692609295649440404e-02
8.956022776677917407e-02
7.091444373027498693e-02
5.611443601250581947e-02
9.812825602357749810e-02
6.266879156484134183e-02
5.697778001915451696e-02
9.743514223029964283e-02
5.846402201137238658e-02
7.015470050620443987e-02
9.497956502112794852e-02
6.082329061147761368e-02
7.389200888974145620e-02
9.093900078969151257e-02
6.253130007569637772e-02
7.607629139021476750e-02
8.358226179213491813e-02
6.777269348460156217e-02
7.734979582462035708e-02
6.296664064205900746e-02
7.573723655699310386e-02
8.696058587916441485e-02
5.479585514384952699e-02
9.282911899031873193e-02
8.217346051739769786e-02
5.471338142940509325e-02
9.527486470016613418e-02
6.554941179194090362e-02
6.029743698646293504e-02
8.971879337222081474e-02
7.066200833918602486e-02
5.415974988940730483e-02
8.367218171756471423e-02
5.892615968827302764e-02
8.372947539664150896e-02
7.427782090637542745e-02
6.363447831906503260e-02
8.464940935397187449e-02
6.678106237305572734e-02
8.370807831450118031e-02
6.564841062669378446e-02
7.164029158831600186e-02
6.685277606464810896e-02
8.113609622682703415e-02
5.879531962199560646e-02
6.202368755650970733e-02
7.571087257931720382e-02
6.587419260437431257e-02
7.565217800815446370e-02
6.284883138264542313e-02
7.323278713253389416e-02
7.485369787201506808e-02
7.918293495178084507e-02
7.350285314777167678e-02
6.824601933140587995e-02
8.239802240634307162e-02
6.606677288560915129e-02
5.847368054179864078e-02
5.747581141487982659e-02
8.137873495339781327e-02
7.524953307620983745e-02
5.704654137263381886e-02
7.950743681861811851e-02
7.838268816661309035e-02
9.235691462354178594e-02
5.062400947246772226e-02
6.151739509437313680e-02
5.953740016244785105e-02
1.049240552069018312e-01
6.056638405167950878e-02
6.155179189354055558e-02
6.657585891321375626e-02
1.121367914046133007e-01
7.332406872671082265e-02
6.494991179079985522e-02
6.252851965170529158e-02
1.053640012944466325e-01
8.395111470825905586e-02
6.205331866380332101e-02
6.730249245835448479e-02
8.408129616656113969e-02
9.958231418429168424e-02
5.319364956715439546e-02
7.391672788033391839e-02
7.256930844813103132e-02
1.269001787854362462e-01
5.027778180960187915e-02
8.037329456679311035e-02
5.725498484284238104e-02
1.477141575744973512e-01
5.771550507144576625e-02
7.921612038312975113e-02
5.212074570697582815e-02
1.367521402100808359e-01
7.051925760608902805e-02
7.348114668074659517e-02
5.188547593563720695e-02
1.110023328676090076e-01
8.767270925987206975e-02
6.141648726262538549e-02
5.882957368295640976e-02
9.006104959702174173e-02
1.120680338610508670e-01
5.756365658010813291e-02
7.016899731665186823e-02
6.596492685939953082e-02
1.292471467871782187e-01
6.101112917129641877e-02
7.441661281707048770e-02
5.627930044114330677e-02
1.261897436560649177e-01
5.841846464847712250e-02
7.499947934972411856e-02
5.582014966152203800e-02
1.202371202503274145e-01
6.869282001973406326e-02
6.861567611663578481e-02
5.082950152743526129e-02
9.301476768952104957e-02
7.186349199172048507e-02
6.500709313725469563e-02
5.920902803777151197e-02
8.834838492838971435e-02
9.404906260534466600e-02
6.508011167339422531e-02
5.942901417106855738e-02
6.542596892864037394e-02
8.476416713608968256e-02
6.735225932254627901e-02
6.409930108019802619e-02
7.359234279788075261e-02
8.680599568505346919e-02
5.767973348912206616e-02
6.918257522441531582e-02
5.622687094519525364e-02
8.987859902839079318e-02
7.126885528989697349e-02
7.007516148503374620e-02
7.631475887791343282e-02
6.518129751482962253e-02
6.018246825379382908e-02
7.194381530385361712e-02
7.184560129013062291e-02
9.334316384480481621e-02
6.753167581726689239e-02
5.619249845677884436e-02
7.020385614953614239e-02
6.624856202575886421e-02
8.520783482017778299e-02
6.326200885952025510e-02
6.624444850162537757e-02
8.226715634835023161e-02
7.843883425766037809e-02
7.748232230290397204e-02
5.739635308325741203e-02
6.776977604045295034e-02
7.884853164275738846e-02
7.189148687530062809e-02
7.602292866789794878e-02
5.958586721018344773e-02
6.778936261824405896e-02
7.455925046827202585e-02
8.063085457284265012e-02
6.902362758591736036e-02
6.321051038347677564e-02
7.265118294265304755e-02
9.171338259665021142e-02
8.575768436778428983e-02
7.090328184849532811e-02
6.067449660448304832e-02
5.708101248789378135e-02
8.717267394204446240e-02
6.611568541233212026e-02
7.324559831165509960e-02
5.341269117599061617e-02
6.277092209625642627e-02
7.101279408601589294e-02
6.262114788496754569e-02
7.414375349261322079e-02
6.901892273550547241e-02
9.313789188327782631e-02
6.030899094062460580e-02
6.749282870742211171e-02
7.271790159639709983e-02
7.734428442121787928e-02
7.107004218532003703e-02
6.327532229287276266e-02
8.201038808751795472e-02
5.929284096325231068e-02
6.616534740373584966e-02
7.749748322674410161e-02
8.293101080330092523e-02
6.496374860321479927e-02
6.184865411983765660e-02
5.710002872746616776e-02
5.619839836727323623e-02
8.332619729061435665e-02
7.912784889055317350e-02
7.996437377170240168e-02
6.806644043187291826e-02
6.988573609469735104e-02
5.763010824556501904e-02
7.601003667836925271e-02
9.057656108738218470e-02
7.168575222224969623e-02
7.380120946356157063e-02
6.553123672276101042e-02
6.075857116542344311e-02
7.362146660451868163e-02
1.012937619499308661e-01
7.639477059396040937e-02
6.622564585170488682e-02
7.624039513589797590e-02
5.725882731004563325e-02
5.859747476097880436e-02
1.129952008308310746e-01
8.598560134980466618e-02
6.920903768768921216e-02
7.589504074881291140e-02
6.936145875673337124e-02
5.597896271335895541e-02
1.169420179025421336e-01
1.002945407153591206e-01
6.726976288011650429e-02
8.560732577663050791e-02
8.396761298691572672e-02
5.245840896896974276e-02
9.390063145298876979e-02
1.369809617363313969e-01
6.067094139536782088e-02
