4.522709729802251388e+01
4.515035616834190790e+01
4.506784297770620640e+01
4.498331464441728400e+01
4.489179647453972422e+01
4.479257636347929150e+01
4.469126609014992368e+01
4.458042945046349814e+01
4.445715016799502450e+01
4.433065005586335872e+01
4.419186690058665334e+01
4.402724570209666410e+01
4.385385525031134080e+01
4.360019986545403725e+01
4.323404163740852368e+01
4.278537312672668946e+01
4.156266565402603419e+01
4.028591968248235133e+01
3.652930986348851405e+01
3.343710435056245700e+01
2.694147479644119514e+01
2.186734684684484975e+01
1.561475681185298292e+01
1.149528481326402307e+01
8.588577559550119034e+00
6.424147645163357012e+00
5.086959337294778116e+00
4.089990835701334149e+00
3.293145727449858562e+00
2.631974334131854221e+00
2.071515410559716219e+00
1.593698765234721870e+00
1.190156654317506169e+00
8.560191827187043634e-01
5.850233584082635829e-01
3.698861460812030710e-01
2.055611174917048034e-01
9.005937968852407993e-02
2.216536256288366771e-02
