1.963209895266100773e+02
1.956708592290818842e+02
1.961703028885167441e+02
1.966110774352753765e+02
1.947194872276192825e+02
1.955438119835488351e+02
1.957337312222668686e+02
1.948633588783937967e+02
1.945621269118227303e+02
1.945787950246655100e+02
1.946448502436286674e+02
1.948280479563084100e+02
1.947058326432979527e+02
1.947538412569062700e+02
1.937549186863879243e+02
1.948712788560182219e+02
1.945703960664960448e+02
1.939779421187814705e+02
1.870561070943085440e+02
1.648798879018031585e+02
1.250250565966869800e+02
8.449189531034913614e+01
5.949131404902211528e+01
4.633920885719668092e+01
3.740956090150663016e+01
3.020997745884350394e+01
2.412917400458063710e+01
1.897240440007709950e+01
1.467830793095046538e+01
1.119404716760628560e+01
8.461304401643761963e+00
6.359142230984652144e+00
4.684500548605639914e+00
3.352208816431879956e+00
2.296886350412224331e+00
1.453818096529806869e+00
8.047888824447898548e-01
3.513730472290715889e-01
8.661701035737967569e-02
