1.000000002065387292e+02
9.999999986715920386e+01
9.999999999346370316e+01
1.000000001671664478e+02
9.999999983623621347e+01
9.999999996164920901e+01
9.999999996768940491e+01
9.999999976302544269e+01
1.000000002663686729e+02
1.000000007931080575e+02
1.000000000043637556e+02
9.999999755090267683e+01
9.999999064957728478e+01
9.999978147527225758e+01
9.999610817459837619e+01
9.995973153741563522e+01
9.974983183227585926e+01
9.827890020745846300e+01
9.374655112344005659e+01
8.142671723601074518e+01
6.345117772804561440e+01
4.421231981361024310e+01
3.121718641943858685e+01
2.412069945521217562e+01
1.965300571079669822e+01
1.625810024241993190e+01
1.345950068978464920e+01
1.109028816805159856e+01
9.059655172169376769e+00
7.310604173665506522e+00
5.804650947788845272e+00
4.508512384650135374e+00
3.398225738518528605e+00
2.463293732116650592e+00
1.694410855296034857e+00
1.078331847668646093e+00
6.045105233229193242e-01
2.680153504041929424e-01
6.688926774038703171e-02
