1.920950141969789513e+02
1.917774782672920537e+02
1.918177092601704317e+02
1.911938055477601779e+02
1.897242231388267726e+02
1.907325632284961046e+02
1.901180614845778223e+02
1.909266348598761738e+02
1.897243484515815055e+02
1.888576071894025858e+02
1.899884865786073362e+02
1.881535992610489814e+02
1.891720351461042640e+02
1.880779370575216944e+02
1.878456618965132350e+02
1.882555021989535362e+02
1.875944221699392074e+02
1.866036431859886306e+02
1.769126733007495602e+02
1.578534090845698756e+02
1.221929567875613714e+02
8.662718991388506140e+01
6.218903786108863585e+01
4.814337336769519737e+01
3.899011190638813673e+01
3.178800967656027510e+01
2.563984070507600421e+01
2.029149305884691401e+01
1.564326382388391146e+01
1.167006583144765486e+01
8.447754042073668757e+00
5.936291859183892683e+00
4.077415702131834685e+00
2.786609480615330536e+00
1.860015021786721068e+00
1.154552665307500003e+00
6.340795778899988022e-01
2.780136588571604506e-01
6.899599168101308577e-02
