2.954800488290317162e+02
2.952596604861211631e+02
2.950224077956167434e+02
2.949438418390547554e+02
2.946369059828591617e+02
2.943127140792615251e+02
2.940180052931528394e+02
2.937180674826505538e+02
2.934243628491849449e+02
2.929319305245256828e+02
2.925118663762443134e+02
2.920120093948561362e+02
2.915965365184511029e+02
2.911771571678054897e+02
2.907311964077409243e+02
2.905985878997140048e+02
2.905750785351261811e+02
2.906657984565177912e+02
2.836715154948320219e+02
2.478332235773409877e+02
1.764857634234665795e+02
1.126189953516531261e+02
8.149636952458669725e+01
6.530978803008088107e+01
5.345748125797305050e+01
4.386673528034494041e+01
3.576946753633907861e+01
2.876816672642168982e+01
2.283819147908415204e+01
1.770183908754806623e+01
1.345122962781841736e+01
9.940447249608023839e+00
7.168283206456634638e+00
5.050680547705245438e+00
3.443997340160296350e+00
2.177210772956481577e+00
1.203943267535317663e+00
5.255788050080957285e-01
1.296522600518826562e-01
