2.959859595703838977e+02
2.940011240732806073e+02
2.942952172961104793e+02
2.934588551856531922e+02
2.934920780242877072e+02
2.933878421395136797e+02
2.936040818475549941e+02
2.924718361568832847e+02
2.911121532795176563e+02
2.916554965566458009e+02
2.918358625637506520e+02
2.920138031282122029e+02
2.899908166179412206e+02
2.902362537707369370e+02
2.904880428485540733e+02
2.898087262526568111e+02
2.901347952732564295e+02
2.916724226684215751e+02
2.848904484707543361e+02
2.500908978856473368e+02
1.893513391546173921e+02
1.271793262926316572e+02
9.302042613620209011e+01
7.494094273550591367e+01
6.202444524310001839e+01
5.125043567869489891e+01
4.189022268168725560e+01
3.364357339659772350e+01
2.637653880699988207e+01
1.996595617959205882e+01
1.460058095144130519e+01
1.017123013787229446e+01
6.770345053337584851e+00
4.430374249422039945e+00
2.840593611512113981e+00
1.733158808485083968e+00
9.487621193964193012e-01
4.163900288905795777e-01
1.033681689216905397e-01
