9.161357281695755717e+01
9.147118300919393619e+01
9.139134418958502692e+01
9.124399188775949199e+01
9.100490859875084482e+01
9.088071806551141663e+01
9.079023893479693186e+01
9.064614351529490932e+01
9.043999435433475753e+01
9.023270929938243512e+01
8.997702662144814667e+01
8.979219393893821177e+01
8.952675895137545581e+01
8.921706660495605945e+01
8.887192910978066607e+01
8.823795271781028760e+01
8.694022972169933894e+01
8.457922349622234037e+01
7.810662633945783284e+01
6.825088319270314230e+01
5.504689583498132777e+01
4.172402775009351927e+01
3.015451575816825169e+01
2.159431468606912219e+01
1.598163588140955405e+01
1.227871041390202222e+01
9.572433467784312811e+00
7.458533058266506366e+00
5.782063018416361722e+00
4.450217322499833372e+00
3.399749638183400702e+00
2.566994343776280108e+00
1.898244136445794927e+00
1.361245936765740350e+00
9.282723962171292031e-01
5.817743536064579057e-01
3.198667207110645339e-01
1.397699680664241106e-01
3.462015508757704946e-02
