4.264372717237175436e+01
4.255813795753751094e+01
4.246751456847754724e+01
4.238004432695637291e+01
4.228304221960028997e+01
4.218007931942062072e+01
4.207055287195233717e+01
4.195156039691908489e+01
4.182206966251091274e+01
4.168309526895448869e+01
4.153393574142682354e+01
4.137059451533058763e+01
4.113428023387707100e+01
4.087110813718238234e+01
4.059945640854635940e+01
3.968621865468988830e+01
3.854187328222368336e+01
3.747525876076760198e+01
3.358254657609553817e+01
3.063796533750044304e+01
2.553793550877848872e+01
2.007507600937363890e+01
1.597990732939884317e+01
1.120862781059560120e+01
8.342472719350363164e+00
5.881905845072638250e+00
4.493539164919767792e+00
3.436790718522298338e+00
2.733741968754028306e+00
2.162087801075241789e+00
1.689497096744778659e+00
1.291237809656550439e+00
9.610542391848374555e-01
6.913003901250311944e-01
4.719394741296809581e-01
2.963713686235024958e-01
1.629982733689105123e-01
7.090239862927996684e-02
1.745969459597169343e-02
