9.663266978973913979e+01
9.656302980529986257e+01
9.650405817644845285e+01
9.644028022380371112e+01
9.636856481853133971e+01
9.629516201539321685e+01
9.620379836627941472e+01
9.612295297509949421e+01
9.601963483460519910e+01
9.592138419225621249e+01
9.581128077793093212e+01
9.571820340426175733e+01
9.559411277457262202e+01
9.549179942150963996e+01
9.532018767700499495e+01
9.508018573147529651e+01
9.445937303313597511e+01
9.260274347147417018e+01
8.663270175167660625e+01
7.512743040675482575e+01
5.932386107444382617e+01
4.157379753697307478e+01
2.887784109961260626e+01
2.152884534460550725e+01
1.713377293622103892e+01
1.402092297626353812e+01
1.154041071686532582e+01
9.467669044566974890e+00
7.705669542175439979e+00
6.195213575783022009e+00
4.897298644331099737e+00
3.790551067653125550e+00
2.854000297697294908e+00
2.064017928893234544e+00
1.409800132037673848e+00
8.890313245678440612e-01
4.950937145168328168e-01
2.188166684792897942e-01
5.451294721450511416e-02
