9.626436702985733973e+01
9.615095168729745012e+01
9.605640479951678401e+01
9.603465264463048356e+01
9.591417031583850417e+01
9.578011874234776712e+01
9.570839863660599178e+01
9.561138652477107769e+01
9.548521361718624689e+01
9.521836612464608152e+01
9.510450026443490401e+01
9.510309322394734011e+01
9.478134132207505047e+01
9.467364754576774999e+01
9.459381259092164385e+01
9.431444597906687477e+01
9.340448593507979069e+01
9.130748057849491772e+01
8.595337296458160381e+01
7.600732160710977325e+01
6.122867180045997770e+01
4.488749444063098792e+01
3.144785016085674911e+01
2.291938360611879588e+01
1.760718273634051556e+01
1.391158231585638383e+01
1.102031242441228365e+01
8.695706865331318980e+00
6.822190187309029596e+00
5.317615288569533583e+00
4.122597688449171294e+00
3.151921247006347127e+00
2.348598663164193745e+00
1.688373594976670056e+00
1.155163393049921661e+00
7.308513180074904803e-01
4.054034938715099234e-01
1.771755333854717340e-01
4.361424261760387527e-02
