1.942587524546518125e+02
1.942049322222362946e+02
1.940682266704827441e+02
1.939499202342052229e+02
1.938509407519470074e+02
1.937187410074425884e+02
1.936314625489395951e+02
1.934447557093020862e+02
1.933174504324456393e+02
1.930918903913170936e+02
1.929198838848141406e+02
1.927467529035202745e+02
1.925043726468573766e+02
1.922919848139484884e+02
1.919874263748460805e+02
1.918654255263666641e+02
1.915758218471497401e+02
1.905932701201871282e+02
1.837623341691178211e+02
1.603651288358669262e+02
1.145384495387842918e+02
7.410966923893208502e+01
5.247660203080342001e+01
4.147746718243384123e+01
3.389818770222600364e+01
2.789645800688434463e+01
2.294842547118409115e+01
1.878999562986939864e+01
1.527988655801180684e+01
1.229893325577072538e+01
9.719981222595682979e+00
7.520412134824437267e+00
5.675114983025622450e+00
4.106261644044737480e+00
2.800332866094601414e+00
1.766238928948340670e+00
9.855725040546672311e-01
4.362267132578084294e-01
1.086798843754982202e-01
