5.000000806030772793e+01
4.999999322284590164e+01
4.999999307683954441e+01
5.000002472562849221e+01
4.999997449288916584e+01
4.999999337486973872e+01
5.000006470122210089e+01
4.999987942361271820e+01
5.000011470836108174e+01
4.999999128812708449e+01
4.999970177706109098e+01
5.000018353016677253e+01
4.999716117079935174e+01
4.998338121422682434e+01
4.992820100903058034e+01
4.978932348134817687e+01
4.916114154398600533e+01
4.770369388136485611e+01
4.520822570036658306e+01
3.941576649360051476e+01
3.225945587135702652e+01
2.459633069943861727e+01
1.799891584869680372e+01
1.336910478975992334e+01
1.039138418520340856e+01
8.382489729870597372e+00
6.876991127984258156e+00
5.645613759899973161e+00
4.602490751342345199e+00
3.708927144679527110e+00
2.940009241301734466e+00
2.280348852719796149e+00
1.718230668142699313e+00
1.245873702724694665e+00
8.565556001832774768e-01
5.443532147930184584e-01
3.048023463704958580e-01
1.350925963323220680e-01
3.372288448639638309e-02
