2.999914086837923151e+02
3.000072628559694863e+02
3.000008228140781625e+02
2.999922685424725159e+02
3.000064582930106667e+02
3.000014652237970267e+02
2.999929430035493283e+02
3.000039877291263792e+02
3.000033814974137840e+02
2.999947580352753107e+02
2.999998550521917196e+02
3.000038906705804038e+02
2.999991599912031575e+02
2.999977713198146034e+02
3.000003897747470205e+02
3.000009678447231636e+02
2.999985994453187459e+02
2.998669936992604903e+02
2.958414254684859088e+02
2.619304092122076781e+02
1.773893049841524316e+02
1.116382726180514169e+02
8.511642619594194059e+01
6.961075520140522599e+01
5.771762186110674975e+01
4.800451338198201512e+01
3.985567801631949436e+01
3.288342914290834784e+01
2.692314626778438580e+01
2.170844679130639676e+01
1.725796098668191902e+01
1.344391600338885695e+01
1.011389777789289113e+01
7.319511227553697097e+00
5.044928368895709170e+00
3.217972456907139289e+00
1.804473800245427917e+00
7.991727445530886209e-01
1.992341123905046751e-01
