1.999997105699391966e+02
2.000004421625729094e+02
1.999998064048145920e+02
1.999997888646537945e+02
2.000003788449590161e+02
1.999998396539359931e+02
1.999998108923828681e+02
2.000002861016483848e+02
1.999999429750746174e+02
1.999998162938535415e+02
2.000001475814516141e+02
2.000000536261898390e+02
1.999998866970654490e+02
2.000000028859116981e+02
2.000000488555974414e+02
1.999994836794394644e+02
1.999785073509789868e+02
1.994586994339279045e+02
1.940798912371501501e+02
1.697880253738530314e+02
1.219013342111537384e+02
7.846199000835103732e+01
5.779372615553232606e+01
4.673774914903149380e+01
3.866563241721452471e+01
3.212744722705255640e+01
2.665322441943819598e+01
2.198981934680139716e+01
1.798583056768588051e+01
1.451237613993971109e+01
1.153232932999095617e+01
8.972567548419396743e+00
6.757098848162142346e+00
4.892775534253175351e+00
3.369350510206278848e+00
2.147705396584768334e+00
1.204420419685396260e+00
5.336366944298430726e-01
1.330790274465881440e-01
