4.817281945805565613e+01
4.813492631486413131e+01
4.809521484496058008e+01
4.805239965167933747e+01
4.800760946141129182e+01
4.795873381386635970e+01
4.790761233167303601e+01
4.785121293682426113e+01
4.779170933652842024e+01
4.772598190961847564e+01
4.765410242645318561e+01
4.757659055409578741e+01
4.747555443756790794e+01
4.737358114882439253e+01
4.712415157200734939e+01
4.686404285729287977e+01
4.583645807674747630e+01
4.455561411859670073e+01
4.082398788402088030e+01
3.611480232543858193e+01
3.082284178914403583e+01
2.283067766293911305e+01
1.685370245578201676e+01
1.249216712960840603e+01
9.409588821482630649e+00
7.359534924606778716e+00
5.939295959125508340e+00
4.841051207350072438e+00
3.925792516105402807e+00
3.149083472646482473e+00
2.487322743228332911e+00
1.924325971607246943e+00
1.446578899565876597e+00
1.044722258613174581e+00
7.136248447782552740e-01
4.499033809981054510e-01
2.500452759904663314e-01
1.102181331516877139e-01
2.741574423910921737e-02
