7.199303101567819525e-16
1.953303173703931916e+00
1.999999695082419704e+00
1.999999999999999334e+00
2.000000000000000000e+00
2.000000000000000000e+00
2.000000000000000000e+00
2.000000000000000000e+00
2.000000000000000000e+00
2.000000000000000000e+00
2.000000000000000000e+00
2.000000000000000000e+00
2.000000000000000000e+00
2.000000000000000000e+00
2.000000000000000000e+00
2.000000000000000000e+00
2.000000000000000000e+00
2.000000000000000000e+00
2.000000000000000000e+00
1.999999999999983125e+00
1.999999924754575442e+00
1.998092243296170967e+00
1.569447574739901041e+00
6.019548674456238757e-01
1.852844135934300862e+00
1.999467700152403271e+00
1.999999884690099483e+00
1.999999999997696065e+00
2.000000000000000000e+00
2.000000000000000000e+00
2.000000000000000000e+00
2.000000000000000000e+00
2.000000000000000000e+00
2.000000000000000000e+00
2.000000000000000000e+00
2.000000000000000000e+00
2.000000000000000000e+00
2.000000000000000000e+00
2.000000000000000000e+00
2.000000000000000000e+00
1.999999999999733546e+00
1.999999993498110973e+00
1.999985637377899916e+00
1.996385019894277635e+00
1.873358346420100462e+00
1.278680639844503197e+00
1.104837958957925803e+00
1.701417171546474316e+00
1.972682523880532113e+00
1.999204033607207887e+00
1.999991373978519116e+00
1.999999960819778488e+00
1.999999999917103199e+00
1.999999999999909850e+00
2.000000000000000000e+00
2.000000000000000000e+00
2.000000000000000000e+00
2.000000000000000000e+00
2.000000000000000000e+00
2.000000000000000000e+00
1.999999999999998224e+00
1.999999999992896349e+00
1.999999992794723180e+00
1.999997920551979558e+00
1.999811283029560460e+00
1.994094196709305322e+00
1.930982066513857953e+00
1.678999855850270340e+00
1.350919236084698438e+00
1.357472958819547326e+00
1.669414731959369957e+00
1.910459821686256943e+00
1.986680954765231766e+00
1.998841665865206396e+00
1.999937896640082480e+00
1.999997854771101258e+00
1.999999950323053444e+00
1.999999999200094081e+00
1.999999999990736521e+00
1.999999999999920064e+00
2.000000000000000000e+00
1.999999999999841238e+00
1.999999999940324180e+00
1.999999989873049389e+00
1.999999187520588029e+00
1.999967635864298376e+00
1.999329907191678801e+00
1.992476700449452132e+00
1.952472694067570069e+00
1.825708807080085760e+00
1.615377704477719556e+00
1.462658190422601256e+00
1.501647168729965731e+00
1.685862513664185824e+00
1.864213520865672935e+00
1.959104492454738722e+00
1.991187468094025581e+00
1.998603675774608845e+00
1.999833459199827024e+00
1.999984738557936348e+00
1.999998905173071995e+00
1.999999937378115655e+00
1.999999996955697190e+00
1.999999999464557865e+00
1.999999986586343370e+00
1.999999532157667570e+00
1.999989765161872102e+00
1.999855783162790113e+00
1.998658309156735147e+00
1.991573643977342156e+00
1.963563653036435541e+00
1.889627673294582255e+00
1.761446207060373581e+00
1.623234746828391861e+00
1.553287696146770314e+00
1.593731547445276231e+00
1.713238535988844014e+00
1.841938512574742060e+00
1.931423884288904436e+00
1.976286821460249366e+00
1.993368372420027290e+00
1.998479190139986317e+00
1.999710468560510934e+00
1.999953748049556390e+00
1.999993705953375223e+00
1.999999347770806235e+00
1.999999365176591937e+00
1.999995785934369996e+00
1.999953165149171985e+00
1.999645154376547440e+00
1.997971657753551566e+00
1.991166063509020256e+00
1.970355557062850593e+00
1.922533615229606418e+00
1.840656908009678405e+00
1.738676912924668416e+00
1.653101013913260919e+00
1.621729199062600824e+00
1.657363824203524461e+00
1.740435988129490630e+00
1.834834970745393035e+00
1.911302141002605870e+00
1.959529787276105495e+00
1.984182498538774153e+00
1.994659382668282799e+00
1.998427825707445482e+00
1.999589491026432908e+00
1.999901404808299032e+00
1.999977341242176854e+00
1.999981847363079712e+00
1.999883598957824749e+00
1.999373257565374651e+00
1.997373511754870767e+00
1.991066489765968450e+00
1.974961610636326137e+00
1.941692198489168408e+00
1.886376279994500749e+00
1.813276696277495548e+00
1.738903488207878212e+00
1.686390624733787647e+00
1.673657435825795847e+00
1.703878388383467835e+00
1.764678482398502224e+00
1.835713513362580596e+00
1.898921440985070985e+00
1.944974994065613361e+00
1.973367992893313883e+00
1.988470233492982464e+00
1.995474148667677472e+00
1.998325436109149367e+00
1.999423839563103877e+00
1.999910321873796137e+00
1.999898178329951204e+00
1.999008079030330842e+00
1.996715922438209612e+00
1.991171393252633814e+00
1.978379135144571865e+00
1.953859137078440611e+00
1.914618950421872912e+00
1.861560058875365797e+00
1.802206079192812282e+00
1.749576142940318713e+00
1.717271983388102496e+00
1.713857225274380225e+00
1.739328802793881801e+00
1.785617151998423191e+00
1.840473469796357620e+00
1.892354743906629055e+00
1.933858431965415070e+00
1.962999835288538719e+00
1.981310611681508460e+00
1.990701541638267624e+00
1.996169003054455215e+00
1.998848188378140822e+00
1.998097714788386270e+00
1.999497909991354350e+00
1.995762592614040321e+00
1.991644872834232638e+00
1.980728472764218262e+00
1.962201584156662237e+00
1.933185525514414582e+00
1.893681714869106303e+00
1.847306247887576358e+00
1.801175898352096905e+00
1.764187870964551985e+00
1.744344551816122246e+00
1.745668794467793994e+00
1.767228156509458525e+00
1.803572728794545776e+00
1.846986775674624770e+00
1.889468896999944025e+00
1.926610061965455367e+00
1.953591226045154672e+00
1.974477076515664509e+00
1.984517316341402271e+00
1.993690356781365747e+00
1.995554471631953319e+00
1.996274194856856310e+00
1.997582330734082756e+00
1.988541241605297660e+00
1.985144164607633321e+00
1.967097600697998994e+00
1.945517836043339166e+00
1.916833534375039783e+00
1.878908679295316908e+00
1.840921596201163135e+00
1.805886272362110079e+00
1.779604927945952264e+00
1.767575584531766220e+00
1.771458980484979406e+00
1.789633636510467918e+00
1.819125660545154455e+00
1.854152068899844297e+00
1.888543322298714910e+00
1.922901958020538205e+00
1.946369537554233586e+00
1.964535427727388761e+00
1.984563312975323068e+00
1.986003483608502540e+00
1.987439868065449922e+00
1.999074179360855297e+00
1.992098570864075047e+00
1.977329772187522927e+00
1.972538402515919609e+00
1.959685739987534703e+00
1.931316274249042175e+00
1.900180425988241772e+00
1.870804583601964444e+00
1.840885518531862886e+00
1.813410711914493545e+00
1.794494855080461804e+00
1.787363398921425262e+00
1.792158195332420600e+00
1.808521258008005450e+00
1.833360876993266997e+00
1.860210703890241790e+00
1.888292099660520584e+00
1.920348702813448716e+00
1.947421235013643726e+00
1.958785094202348587e+00
1.964367908381481787e+00
1.979507580585170290e+00
1.996806936459111892e+00
1.997718574008683134e+00
1.981623838395047299e+00
1.963869762893803106e+00
1.952853749538164374e+00
1.942863742373546421e+00
1.925420801782741886e+00
1.899166581890977978e+00
1.869164129426904131e+00
1.841533974092984360e+00
1.820268643601690606e+00
1.807282337645013781e+00
1.803675294347608427e+00
1.810079025044431189e+00
1.825422201648196241e+00
1.845989680277459133e+00
1.867278812152565637e+00
1.887628361572493585e+00
1.909168033595212588e+00
1.934173063020951044e+00
1.960713566078194692e+00
1.982587658729707769e+00
1.993673156549642611e+00
1.992251756083772918e+00
1.981470676344046389e+00
1.966351108090633959e+00
1.950520864363299856e+00
1.934988393310070887e+00
1.918957993739189627e+00
1.901391806079731683e+00
1.882157806767767561e+00
1.862352244406650037e+00
1.843990526053582268e+00
1.829444386859353511e+00
1.820880407794938760e+00
1.819782791470417660e+00
1.826586949266003401e+00
1.840495563756889608e+00
1.859578204675758295e+00
1.881186302915948128e+00
1.902573024139727176e+00
1.921494919861934436e+00
1.936576592574720035e+00
1.947341653233594094e+00
1.953970819955044291e+00
1.956946299048846205e+00
1.956742675183984481e+00
1.953657794404324299e+00
1.947797799206399283e+00
1.939176622438878672e+00
1.927870031504748338e+00
1.914167582532815270e+00
1.898679615410977073e+00
1.882372671388754748e+00
1.866522540369285776e+00
1.852589005315167237e+00
1.842029906730160427e+00
1.836083487679304849e+00
1.835555601334783571e+00
1.840650494919696900e+00
1.850879271402563253e+00
1.865069307283064193e+00
1.881483949120407839e+00
1.898048988731331876e+00
1.912672247367549261e+00
1.923629848922915997e+00
1.929966506912342172e+00
1.931810968316831856e+00
1.930456564634961625e+00
1.928047587604363899e+00
1.926808311317317335e+00
1.927979696196779003e+00
1.930913892952167643e+00
1.932926004494232464e+00
1.930295018269327256e+00
1.920181796593546375e+00
1.902488044079076790e+00
1.880426499959787945e+00
1.859239121875092327e+00
1.843743423090179467e+00
1.836231006803953791e+00
1.835989669579134009e+00
1.840595916263984222e+00
1.848017592534968445e+00
1.858214570673865085e+00
1.873271448446828469e+00
1.895663108954386722e+00
1.925142165712397269e+00
1.956151475633775449e+00
1.978413743824894988e+00
1.981876778256874472e+00
1.964000483853541867e+00
1.934348931753206102e+00
1.911007720562492018e+00
1.908551088566190712e+00
1.925850528555911323e+00
1.944877920770052837e+00
1.944348823290293904e+00
1.918405857990603369e+00
1.881930763868927547e+00
1.855876627274743562e+00
1.848640491476599035e+00
1.852198181657360498e+00
1.854008165566202182e+00
1.851508660200300582e+00
1.854588602656560781e+00
1.871838249356400308e+00
1.896313814811353859e+00
1.910464141984147268e+00
1.904062962653029434e+00
1.886957606737999615e+00
1.886694097613901278e+00
1.922207431961910906e+00
1.974833785502899897e+00
1.997914851210208731e+00
1.965332761464165356e+00
1.909635012658345676e+00
1.890804466715280352e+00
1.923465871142436612e+00
1.956716067535215542e+00
1.938576487218767852e+00
1.886992552551362445e+00
1.858458636197669378e+00
1.867791723193896303e+00
1.879567604289919425e+00
1.866905700168639770e+00
1.853165270413923649e+00
1.865377323492232620e+00
1.882499726133727735e+00
1.876096454918733336e+00
1.856940785572288588e+00
1.869911891506601087e+00
1.923959743258107702e+00
1.959260775326592707e+00
1.930303048461186943e+00
1.881926376989814464e+00
1.902740882359207353e+00
1.977367920120711275e+00
