7.199303101567819525e-16
1.992007749976683062e+00
1.999999999685318386e+00
2.000000000000000000e+00
2.000000000000000000e+00
2.000000000000000000e+00
2.000000000000000000e+00
2.000000000000000000e+00
2.000000000000000000e+00
2.000000000000000000e+00
2.000000000000000000e+00
2.000000000000000000e+00
2.000000000000000000e+00
2.000000000000000000e+00
2.000000000000000000e+00
2.000000000000000000e+00
2.000000000000000000e+00
2.000000000000000000e+00
1.999999999999983125e+00
1.999999999148397212e+00
1.999997796345362122e+00
1.999461739811139394e+00
1.979701946657262068e+00
1.825205538344267131e+00
1.522695710314312167e+00
1.436335814243097309e+00
1.640945315676961114e+00
1.858907596851268496e+00
1.961573991677207918e+00
1.991911457707912225e+00
1.998564608079768323e+00
1.999770872121120924e+00
1.999965461806433753e+00
1.999994899949373295e+00
1.999999241618349410e+00
1.999999884083436541e+00
1.999999981513924663e+00
1.999999996918033318e+00
1.999999999263928352e+00
1.999999997002533281e+00
1.999999725983683252e+00
1.999991377272621884e+00
1.999856387470077435e+00
1.998628679704767208e+00
1.991919654264209250e+00
1.968684164333323716e+00
1.915650788950580496e+00
1.834067522958536145e+00
1.750289674020500730e+00
1.700217585538778886e+00
1.702676664640346171e+00
1.749597606041101150e+00
1.816965067093498254e+00
1.881674504723916286e+00
1.931167544975341821e+00
1.963380040142505223e+00
1.981916286603961241e+00
1.991601174031691679e+00
1.996291846627312960e+00
1.998418210884942869e+00
1.999370744662949839e+00
1.999714299780087856e+00
1.999842921948674856e+00
1.999961016569667072e+00
1.999725992512019435e+00
1.998510803987971984e+00
1.994984603178946880e+00
1.986698116776408174e+00
1.970526050870045731e+00
1.944215817900545096e+00
1.908551835553944809e+00
1.868456853366875281e+00
1.831356596378228785e+00
1.804519867861568372e+00
1.793288128713535823e+00
1.798639991473552247e+00
1.817777360394083219e+00
1.845778787921227293e+00
1.877127044802467726e+00
1.907299902172591377e+00
1.933359797532527402e+00
1.953961763161442766e+00
1.969311512090821559e+00
1.981077592624564732e+00
1.989643433231382375e+00
1.991529807018282305e+00
1.993204125070675792e+00
1.999912967870143721e+00
1.991045135831058577e+00
1.993963403544094293e+00
1.982410328548558587e+00
1.975574877491015569e+00
1.955094755242449134e+00
1.942194102944547529e+00
1.912967035062219878e+00
1.894686043502524564e+00
1.873864007943271126e+00
1.854719901821826999e+00
1.846371359125879463e+00
1.844490390362652832e+00
1.848045413158238004e+00
1.857668093909891738e+00
1.871911822162113825e+00
1.890246960322721437e+00
1.906723245846470682e+00
1.925222738657184740e+00
1.942706723358463616e+00
1.947611768461901649e+00
1.974559252541020493e+00
1.969470704921139514e+00
1.968204824149400789e+00
1.996168388524501180e+00
1.988730948429921819e+00
1.961083418734145933e+00
1.962299097046036556e+00
1.976287942408678333e+00
1.969791071531472371e+00
1.943697877516528782e+00
1.916317477366002109e+00
1.897827731171449983e+00
1.887259100025520775e+00
1.880760692585254468e+00
1.877465906390926031e+00
1.875347164939991096e+00
1.873767847847432888e+00
1.878085692231103332e+00
1.888424789858442088e+00
1.895582440659355106e+00
1.896836089302227579e+00
1.902020766666634666e+00
1.919331949851954100e+00
1.944635488471606388e+00
1.966693209385896646e+00
1.977647955021783810e+00
1.977104724901110444e+00
1.969350994989926384e+00
1.959097909385781877e+00
1.949293519087963666e+00
1.941112255659649177e+00
1.934703415016999939e+00
1.929881087201361423e+00
1.926679824321109180e+00
1.925406222001830647e+00
1.925856544812035942e+00
1.926699956186217033e+00
1.925859753333331925e+00
1.921096722473935481e+00
1.911693523705374265e+00
1.900726883759766617e+00
1.894055115431614977e+00
1.896895680490549907e+00
1.909148468385188924e+00
1.924576685473285087e+00
1.936634610889349739e+00
1.945189483228567440e+00
1.954738240903718172e+00
1.965224852814715151e+00
1.969991706302782308e+00
1.962591608530082299e+00
1.940756820905323643e+00
1.913181846938428077e+00
1.898510588940770960e+00
1.906777364876119041e+00
1.940279634101009565e+00
1.979370805391248878e+00
1.983660971843584475e+00
1.942578917325331167e+00
1.889797863008250145e+00
1.881580736384894870e+00
1.919216254917433861e+00
1.945597394801106716e+00
1.920715296185271814e+00
1.892940134379535566e+00
1.909172581952516712e+00
1.935563068436203960e+00
1.921522383047744142e+00
1.879996880487694089e+00
1.883169285629035183e+00
1.919802953742839824e+00
1.946537030991420281e+00
1.965034740622860099e+00
1.939406326520005219e+00
1.891396825642634338e+00
1.893684822172132742e+00
1.973402043311797360e+00
1.994397953022252867e+00
1.915091247538856400e+00
1.878442432148023977e+00
1.949678082277183311e+00
1.990119963662768443e+00
1.909691618964519888e+00
1.883304945354899340e+00
1.960779040474963653e+00
1.943625965865315441e+00
1.865033723544687438e+00
1.931786813442204709e+00
1.963550427786606933e+00
1.886511997440565525e+00
1.887643295364296536e+00
1.940083269512346220e+00
