7.199303101567819525e-16
1.807961871053573866e+00
1.999898704650691972e+00
1.999999999516155258e+00
2.000000000000000000e+00
2.000000000000000000e+00
2.000000000000000000e+00
2.000000000000000000e+00
2.000000000000000000e+00
2.000000000000000000e+00
2.000000000000000000e+00
2.000000000000000000e+00
2.000000000000000000e+00
2.000000000000000000e+00
2.000000000000000000e+00
2.000000000000000000e+00
2.000000000000000000e+00
2.000000000000000000e+00
2.000000000000000000e+00
2.000000000000000000e+00
2.000000000000000000e+00
2.000000000000000000e+00
2.000000000000000000e+00
2.000000000000000000e+00
2.000000000000000000e+00
2.000000000000000000e+00
2.000000000000000000e+00
2.000000000000000000e+00
2.000000000000000000e+00
2.000000000000000000e+00
2.000000000000000000e+00
2.000000000000000000e+00
1.999999999999982236e+00
1.999999999962398078e+00
1.999999971652727693e+00
1.999992707593747587e+00
1.999379453726702893e+00
1.982595551939842382e+00
1.835207484283508883e+00
1.435266539768660587e+00
1.166640348612439926e+00
1.358855995331014199e+00
1.710287796370583147e+00
1.914651268558841490e+00
1.981510614261510428e+00
1.996725172943798476e+00
1.999487049056606791e+00
1.999924798524674197e+00
1.999989244979675451e+00
1.999998453641295804e+00
1.999999771579264563e+00
1.999999964800201369e+00
1.999999994281187465e+00
1.999999999013576613e+00
1.999999999818580010e+00
1.999999999964340081e+00
1.999999999992502220e+00
1.999999999998314237e+00
1.999999999999594991e+00
1.999999999999896305e+00
1.999999999999971578e+00
1.999999999999992006e+00
1.999999999999997780e+00
1.999999999999999334e+00
2.000000000000000000e+00
2.000000000000000000e+00
2.000000000000000000e+00
1.999999999999976241e+00
1.999999999995045075e+00
1.999999999403924367e+00
1.999999959513952152e+00
1.999998440578442560e+00
1.999965323947366924e+00
1.999542051028500245e+00
1.996274147615795025e+00
1.980534150697224272e+00
1.931827228803334906e+00
1.832831887694676531e+00
1.699496748398739765e+00
1.584770729720602178e+00
1.539442285319437831e+00
1.575512378454481777e+00
1.666314154795170754e+00
1.771595306327592212e+00
1.861306314015375385e+00
1.923935725640111727e+00
1.961676054987327777e+00
1.981985822785652607e+00
1.991993864433428962e+00
1.996597213619521805e+00
1.998603550317529010e+00
1.999442129981545468e+00
1.999781541802314822e+00
1.999915646968225547e+00
1.999967720532209281e+00
1.999987705162618035e+00
1.999995321645434698e+00
1.999998215963525228e+00
1.999999316378181735e+00
1.999999736176373055e+00
1.999999897262668691e+00
1.999999959577354769e+00
1.999999983902194689e+00
1.999999993183695146e+00
1.999999996471389707e+00
1.999999996502894950e+00
1.999999929621518069e+00
1.999998918708752571e+00
1.999989083737352180e+00
1.999919559756337506e+00
1.999550815892847666e+00
1.998051334479871821e+00
1.993284490595077507e+00
1.981230343848587427e+00
1.956625025507708227e+00
1.915615787413387450e+00
1.859396367811362527e+00
1.795988283070307334e+00
1.738129849448788233e+00
1.698316528518069912e+00
1.684121125225982896e+00
1.696189967545946420e+00
1.729201842479501261e+00
1.774615224386404622e+00
1.823666993218859167e+00
1.869521641349393137e+00
1.908154523690194226e+00
1.938158213058511548e+00
1.959963064646116804e+00
1.974957443682435754e+00
1.984800151814559488e+00
1.991011998081286594e+00
1.994803685394845427e+00
1.997053409711823990e+00
1.998356479503211824e+00
1.999095992030059499e+00
1.999508519757000391e+00
1.999735356735808267e+00
1.999858577632935397e+00
1.999924729515833555e+00
1.999960158391217657e+00
1.999980129176655907e+00
1.999989218467915331e+00
1.999988470882223091e+00
1.999995803356506396e+00
1.999973727423993930e+00
1.999857512238814472e+00
1.999591289236231528e+00
1.998645456728455505e+00
1.996495766108710601e+00
1.991738603801860519e+00
1.982879117113534262e+00
1.968001571126602123e+00
1.946055972708678361e+00
1.916821340807079332e+00
1.882330317747235249e+00
1.845682512196997305e+00
1.811408552610103584e+00
1.783796838603751933e+00
1.766060824189078726e+00
1.759955442408627002e+00
1.765358760541725802e+00
1.780603952290656933e+00
1.803086804410539923e+00
1.829825823619918523e+00
1.857977911527379566e+00
1.885221970256705237e+00
1.909940798152837571e+00
1.931225274219844135e+00
1.948764282442278395e+00
1.962681925428752416e+00
1.973370085291668019e+00
1.981345838665442782e+00
1.987150356961659092e+00
1.991279021630114610e+00
1.994165736825306068e+00
1.996131027719940665e+00
1.997491695450304583e+00
1.998327591744885723e+00
1.998998849498542008e+00
1.999283635482009602e+00
1.999517112046957701e+00
1.999883918166373897e+00
1.999379277117499187e+00
1.999561295223869273e+00
1.999331109346712543e+00
1.997187960813532115e+00
1.995106719177018428e+00
1.991913511284993499e+00
1.984668941171250367e+00
1.973877610838224106e+00
1.960646488366657225e+00
1.944035885310951617e+00
1.923315637133962808e+00
1.899720844783395091e+00
1.875564246479461294e+00
1.852998114998655854e+00
1.833700742236208381e+00
1.818991378449507978e+00
1.809831881552155020e+00
