7.199303101567819525e-16
2.458913491047306221e-01
8.284407430598574873e-01
1.414361628336779031e+00
1.779427442996102116e+00
1.934428616314446625e+00
1.983525513722448119e+00
1.996241831317260962e+00
1.999164403849256422e+00
1.999805796814239311e+00
1.999949530263436026e+00
1.999984395361554590e+00
1.999993944452205907e+00
1.999996923802321636e+00
1.999997895133015069e+00
1.999998033307903933e+00
1.999997493969676965e+00
1.999995711955981026e+00
1.999990419248465878e+00
1.999973100549129468e+00
1.999909397913336662e+00
1.999652509873876882e+00
1.998564749546033248e+00
1.993974277597651223e+00
1.975752632838167155e+00
1.911936202825481823e+00
1.728795474110707220e+00
1.333187470873008706e+00
7.427126891009143694e-01
1.944772529387027160e-01
5.451833113779380562e-03
3.057578358007077557e-01
9.164727312631012479e-01
1.491550252053626568e+00
1.823920420001653664e+00
1.952555035249347037e+00
1.989242102156272063e+00
1.997765460191317288e+00
1.999536420461327513e+00
1.999895450858206081e+00
1.999972299505752282e+00
1.999990797793791186e+00
1.999995976231017325e+00
1.999997613003872798e+00
1.999998055371769112e+00
1.999997833296840444e+00
1.999996756402633524e+00
1.999993659156458436e+00
1.999984392723460624e+00
1.999953622567371969e+00
1.999841060953916116e+00
1.999401192640421820e+00
1.997638632534824765e+00
1.990725343477397269e+00
1.965500773102029752e+00
1.884669361534531129e+00
1.672224865440982366e+00
1.249142802469634272e+00
6.605998751344492881e-01
1.522237354776153906e-01
2.171879411979105515e-02
3.732273786714289665e-01
1.005458526939971398e+00
1.563771991068596989e+00
1.862259972458244706e+00
1.966790245320483521e+00
1.993301161718350922e+00
1.998744563537306673e+00
1.999756108281548483e+00
1.999945554025584160e+00
1.999984793699767449e+00
1.999994358654843651e+00
1.999997124882836097e+00
1.999997965741125094e+00
1.999998017174800635e+00
1.999997392751566405e+00
1.999995512007367804e+00
1.999990243557672409e+00
1.999974252331359725e+00
1.999920868499947435e+00
1.999728573716749391e+00
1.999004562335899848e+00
1.996260807839524754e+00
1.986221154450257487e+00
1.952338312111578045e+00
1.852312743458749633e+00
1.610105178884680077e+00
1.163439280068521153e+00
5.833422478807359646e-01
1.196897895227189701e-01
4.853709625669978128e-02
4.473196428193204621e-01
1.094046133307942981e+00
1.630212612964300201e+00
1.894604760969564872e+00
1.977648095932327488e+00
1.996065925103469141e+00
1.999340962911223318e+00
1.999878643261566724e+00
1.999972246786425156e+00
1.999991450417233585e+00
1.999996308056356309e+00
1.999997747187327368e+00
1.999998082577228553e+00
1.999997781355741466e+00
1.999996622682776781e+00
1.999993479649269545e+00
1.999984635101013764e+00
1.999957494627726540e+00
1.999867218964991089e+00
1.999549299732339636e+00
1.998399810352418093e+00
1.994277491278698689e+00
1.980155475322420644e+00
1.935842618558490491e+00
1.814668385401196682e+00
1.543008770011893294e+00
1.077346790066372462e+00
5.120811051563837202e-01
9.727876369233476317e-02
8.547291116597810490e-02
5.269366327913292958e-01
1.180921401042570151e+00
1.690252555763136710e+00
1.921265257548105954e+00
1.985655364452583171e+00
1.997856025600076135e+00
1.999681118249232670e+00
1.999942649466986744e+00
1.999985816567418917e+00
1.999994918546988742e+00
1.999997354880535649e+00
1.999998042415352506e+00
1.999998006748295865e+00
1.999997309737431062e+00
1.999995368792143680e+00
1.999990213526565253e+00
1.999975547679386567e+00
1.999930343355483586e+00
1.999781628856603932e+00
1.999272123030310100e+00
1.997506051827063978e+00
1.991505337959967203e+00
1.972196385864426915e+00
1.915620186663773206e+00
1.771675737512320659e+00
1.471675359029646302e+00
9.921556770670389991e-01
4.478371503433643541e-01
8.523354089405281442e-02
1.319303559009527560e-01
6.108805379726002238e-01
1.264848361245014541e+00
1.743486283300379247e+00
1.942675927486549048e+00
1.991328174821864305e+00
1.998942887386230494e+00
1.999859663801201393e+00
1.999973732848821184e+00
1.999992447882463331e+00
1.999996699893975327e+00
1.999997890622880137e+00
1.999998113108697240e+00
1.999997739221879067e+00
1.999996520134792011e+00
1.999993383814666847e+00
1.999985025421212592e+00
1.999961037060062008e+00
1.999887256585845652e+00
1.999648550024486493e+00
1.998855515715004083e+00
1.996222056035664494e+00
1.987731820104036817e+00
1.961995625015967359e+00
1.891327963550880620e+00
1.723425815252870308e+00
1.396988997603207494e+00
9.091412310303814692e-01
3.914935236655439077e-01
8.363358758958126804e-02
1.871617895709526413e-01
6.978769904025196036e-01
1.344708012800972741e+00
1.789731280620040499e+00
1.959363412703931218e+00
1.995151991385956114e+00
1.999548297367793381e+00
1.999943835367262057e+00
1.999987767718904852e+00
1.999995614525768017e+00
1.999997601360656629e+00
1.999998120792034317e+00
1.999998001018568727e+00
1.999997243928419266e+00
1.999995273571521626e+00
1.999990286176809073e+00
1.999976876414340632e+00
1.999938232864495236e+00
1.999820310541029267e+00
1.999446685228907450e+00
