7.199303101567819525e-16
1.999909784587415862e+00
2.000000000000000000e+00
2.000000000000000000e+00
2.000000000000000000e+00
2.000000000000000000e+00
2.000000000000000000e+00
2.000000000000000000e+00
2.000000000000000000e+00
2.000000000000000000e+00
2.000000000000000000e+00
2.000000000000000000e+00
2.000000000000000000e+00
1.999999923915274147e+00
1.983290840160453650e+00
8.977298293291189335e-01
1.806495155211401249e+00
1.999696132234785928e+00
1.999999983664112468e+00
1.999999999999913847e+00
2.000000000000000000e+00
2.000000000000000000e+00
2.000000000000000000e+00
2.000000000000000000e+00
2.000000000000000000e+00
2.000000000000000000e+00
1.999999999952401408e+00
1.999998104586807601e+00
1.997823182242380868e+00
1.870382048725023338e+00
1.354173673580177040e+00
1.526561794286961815e+00
1.930518754048819341e+00
1.997417130971381072e+00
1.999967496340227857e+00
1.999999827052024504e+00
1.999999999534334938e+00
1.999999999999263034e+00
1.999999999999998890e+00
1.999999999995715649e+00
1.999999983748299570e+00
1.999990778554290083e+00
1.998998517567988964e+00
1.974257136912244803e+00
1.813541530958382886e+00
1.549307133151360372e+00
1.559972966712456222e+00
1.804093813565410320e+00
1.957311559295703551e+00
1.994999979653212518e+00
1.999653743228106295e+00
1.999984670863270031e+00
1.999999537670640759e+00
1.999999987422436121e+00
1.999999739498981244e+00
1.999979712835443291e+00
1.999349455895452987e+00
1.990984148663262454e+00
1.941355403354155795e+00
1.807451887335785656e+00
1.654849126263457260e+00
1.633478801969383110e+00
1.755573240565559301e+00
1.893925908393366164e+00
1.968938694223617336e+00
1.993591973957269836e+00
1.999028786484070563e+00
1.999887786445843529e+00
1.999988878871372000e+00
1.999973706113564065e+00
1.999505510771849792e+00
1.995641498923037105e+00
1.976331162420391419e+00
1.918885599146344267e+00
1.817857391757033092e+00
1.720597620801370686e+00
1.694903279665752382e+00
1.755167650266459489e+00
1.852460810476883157e+00
1.931979123135959986e+00
1.975486785638074672e+00
1.992901335356280113e+00
1.998209402701125237e+00
1.999433039733279793e+00
1.999591149812783186e+00
1.997723272528726612e+00
1.988233428353033183e+00
1.961655169837078327e+00
1.907503524548425311e+00
1.832071000427789587e+00
1.765400036805545581e+00
1.741675112218051602e+00
1.771509167997054268e+00
1.835326669552044931e+00
1.902284737070586873e+00
1.951511967863535979e+00
1.979705080209772206e+00
1.992705850953508051e+00
1.998014490756455652e+00
1.995992836051239783e+00
1.995049754671316844e+00
1.979695077754518806e+00
1.949312151333429721e+00
1.903050595279567325e+00
1.846384995806155782e+00
1.797996433790777671e+00
1.777297570522367254e+00
1.791639978770033226e+00
1.833167889234306180e+00
1.884042243603667455e+00
1.928792785780390595e+00
1.962923584828654588e+00
1.986069041265050128e+00
1.997379360845989327e+00
1.998192299607430167e+00
1.990509690940099441e+00
1.973603373096185498e+00
1.945038232683457879e+00
1.905143184937586387e+00
1.860542530993859467e+00
1.823218650353433112e+00
1.804967273077018319e+00
1.811079136898440911e+00
1.837995936190954360e+00
1.876357449862650295e+00
1.916537700082952878e+00
1.952324074101474016e+00
1.979773481792747480e+00
1.992699925042479281e+00
1.985173616866100055e+00
1.966134672016427221e+00
1.955343329352039472e+00
1.945279572476664054e+00
1.909699518730231693e+00
1.865644649552087753e+00
1.841347626265200876e+00
1.827651125675552990e+00
1.826910172791901710e+00
1.847683135132065058e+00
1.878587068442502783e+00
1.901550945154108385e+00
1.922388500599347960e+00
1.969856643572077237e+00
1.977423732262855838e+00
1.951388693033250021e+00
1.991178181870002950e+00
1.950225905051189201e+00
1.928982074109971911e+00
1.917175959528902185e+00
1.870485313813541328e+00
1.864456032747918934e+00
1.839039959495418541e+00
1.845391554282732161e+00
1.858663202058206343e+00
1.865970547824830295e+00
1.912220713315949894e+00
1.912414492334807203e+00
1.953571164638007618e+00
1.952177901743860522e+00
1.970030372491086590e+00
1.951280888744122644e+00
1.965359788271692221e+00
1.910199356595603026e+00
1.932976208018342135e+00
1.869123893904769851e+00
1.879390932228042432e+00
1.856441676949603936e+00
1.857406668100146874e+00
1.858038665523656263e+00
1.893381536868489201e+00
1.876628847944282530e+00
1.935771470872886590e+00
1.932225223535387837e+00
1.922831114145219900e+00
1.998372701903046833e+00
1.916408037621722071e+00
1.937207273179722966e+00
1.966338446331104439e+00
1.888856525170332201e+00
1.879698546418678173e+00
1.902446718442912577e+00
1.870153940739355258e+00
1.854754442711124440e+00
1.884547701410172582e+00
1.870954571210104778e+00
1.891918543928681418e+00
1.948530146969785992e+00
1.907756764142505279e+00
1.895838117664685907e+00
1.979350115941981736e+00
1.984863529418621209e+00
1.902717678600664097e+00
1.883493013121642745e+00
1.926271836131794313e+00
1.933743203272899613e+00
1.897137267146583595e+00
1.873946942754904033e+00
1.860640281555641318e+00
1.855710509456077073e+00
1.889138278115464198e+00
