7.199303101567819525e-16
1.953705773796330591e+00
1.999999662619370122e+00
1.999999999999998224e+00
2.000000000000000000e+00
2.000000000000000000e+00
2.000000000000000000e+00
2.000000000000000000e+00
2.000000000000000000e+00
2.000000000000000000e+00
2.000000000000000000e+00
2.000000000000000000e+00
2.000000000000000000e+00
2.000000000000000000e+00
2.000000000000000000e+00
2.000000000000000000e+00
2.000000000000000000e+00
2.000000000000000000e+00
2.000000000000000000e+00
2.000000000000000000e+00
2.000000000000000000e+00
2.000000000000000000e+00
2.000000000000000000e+00
2.000000000000000000e+00
2.000000000000000000e+00
1.999999999999992450e+00
1.999999999998660849e+00
1.999999999902416947e+00
1.999999996640833944e+00
1.999999937696179897e+00
1.999999305975684649e+00
1.999994922883584492e+00
1.999973748747644997e+00
1.999898094299727758e+00
1.999687884420251027e+00
1.999214368196629676e+00
1.998319324135023445e+00
1.996858689187457792e+00
1.994751994619614166e+00
1.992014460651979402e+00
1.988759177024925773e+00
1.985172313000335587e+00
1.981474192645678922e+00
1.977881314788337841e+00
1.974588380771090446e+00
1.971668116801088999e+00
1.969417140496736662e+00
1.967153308186521565e+00
1.966647400817098434e+00
1.966705970232675016e+00
1.964951958944224142e+00
1.962383531852614160e+00
1.960413469140257270e+00
1.960706470632403109e+00
1.967212800765701264e+00
1.980642556732708170e+00
1.980755323692157788e+00
1.948819955220432609e+00
1.949763946845309626e+00
1.995156664522669709e+00
1.940915362519883169e+00
1.965397352653136531e+00
1.971421306987133137e+00
1.940505328659567263e+00
1.977908791635888397e+00
1.944572999845027184e+00
1.958700229324556119e+00
1.975462343521218855e+00
1.926693264925483096e+00
1.999142738403546504e+00
1.939262197844088931e+00
1.951997488423024896e+00
1.996818255535204312e+00
1.944775534085669833e+00
1.954737347602441888e+00
1.994256633379505095e+00
1.985425632418052366e+00
1.909305913663394749e+00
1.942096530564431767e+00
1.999556493280882030e+00
1.995377773175398328e+00
1.911311424803594283e+00
1.963665511785168682e+00
1.959861670372617937e+00
1.977493302633023919e+00
1.996506034896860626e+00
1.927931403411060840e+00
1.979546089525337171e+00
1.912129860402778991e+00
1.999096758912896954e+00
1.964085376167881369e+00
1.991998113107166457e+00
1.945287859245558915e+00
1.998553725917309398e+00
1.919412922018397083e+00
1.946547272035623166e+00
1.995551814950548675e+00
1.947311468453180483e+00
1.982563689128788775e+00
1.981045375632425332e+00
1.966874207005259168e+00
1.997901841952753665e+00
1.970707536924320769e+00
1.936853336503105316e+00
1.970998231507402165e+00
1.997838554969616487e+00
1.956027023263615661e+00
1.945274512146383916e+00
1.976225965772840265e+00
1.992068735655979417e+00
1.964753165395298984e+00
1.974820749281021692e+00
1.996737556077933906e+00
1.992188326185163616e+00
1.945127815131150850e+00
1.972517443289851791e+00
1.974986171534759638e+00
1.985703967330208819e+00
1.988150119218155654e+00
1.987358414488392011e+00
1.934891334903773519e+00
1.950161433795687405e+00
1.960377968146246541e+00
1.977451189459125347e+00
1.999257488915648029e+00
1.992799753627361392e+00
1.991443276117492500e+00
1.919360316081325513e+00
1.990304942071711602e+00
1.921130654440331931e+00
1.997846059659124762e+00
1.994140822845496430e+00
1.961371316896058925e+00
1.943328793255386877e+00
1.983916500622519230e+00
1.994070889209260233e+00
1.910947709962174113e+00
1.994582804815074439e+00
1.982540480359062940e+00
1.956399361842915630e+00
1.995543893645666422e+00
1.913425938247575786e+00
1.992245855025117640e+00
1.987889087835994717e+00
1.941320246977829234e+00
1.886107665701791669e+00
1.999169484109204253e+00
1.993082967317166387e+00
1.921708173884253634e+00
1.949905556018108665e+00
1.988822913733305775e+00
1.979877804780267647e+00
1.997246266940504889e+00
1.949883556406109220e+00
1.992411629581678723e+00
1.913721084583366538e+00
1.964186269589266676e+00
1.997249571065603524e+00
1.968502637978799319e+00
1.969702869363103126e+00
1.923867968008587948e+00
1.933462547792439867e+00
1.985869747006658859e+00
1.992029163396640490e+00
1.973201058419219223e+00
1.964426245755886091e+00
1.936353385900153823e+00
1.987885329118625810e+00
1.984484178762059292e+00
1.957683362326837706e+00
1.984346646861345320e+00
1.999422486506209351e+00
1.963628654242734362e+00
1.989676135761359266e+00
1.998437447210662521e+00
1.982552988584238340e+00
1.917018364836766242e+00
1.953046046360723764e+00
1.991356796039804200e+00
1.983569408906534992e+00
1.933603074903535335e+00
1.999849033116571473e+00
1.994629032600727658e+00
1.962538080059612167e+00
1.934948865403868679e+00
1.926974814711054140e+00
1.996671728347894970e+00
1.989766835191904448e+00
1.997585539327144000e+00
1.919513705706475948e+00
1.986955044513966095e+00
1.995243323043040862e+00
1.958423969422208089e+00
1.992361933180359035e+00
1.984273010921626668e+00
1.950277775025678784e+00
1.992462217065533281e+00
1.943504455902199668e+00
1.996224727157583034e+00
1.990615022180691751e+00
