7.199303101567819525e-16
8.358470423121573400e-01
1.802459828792078333e+00
1.990506003587583228e+00
1.999840621147763509e+00
1.999998852022799811e+00
1.999999995551881460e+00
1.999999999988008037e+00
1.999999999999970468e+00
2.000000000000000000e+00
2.000000000000000000e+00
2.000000000000000000e+00
2.000000000000000000e+00
2.000000000000000000e+00
2.000000000000000000e+00
2.000000000000000000e+00
2.000000000000000000e+00
2.000000000000000000e+00
2.000000000000000000e+00
2.000000000000000000e+00
2.000000000000000000e+00
2.000000000000000000e+00
1.999999999999966471e+00
1.999999999994844124e+00
1.999999999244848059e+00
1.999999908227184209e+00
1.999991956394220116e+00
1.999556948435414983e+00
1.986645802447878362e+00
1.811743648663083572e+00
9.854037453186099693e-01
6.606311003621385958e-02
6.570191712736969114e-01
1.743724331820187379e+00
1.990291706955869877e+00
1.999930142997158100e+00
1.999999896903617014e+00
1.999999999951799445e+00
1.999999999999982236e+00
2.000000000000000000e+00
2.000000000000000000e+00
2.000000000000000000e+00
2.000000000000000000e+00
2.000000000000000000e+00
2.000000000000000000e+00
2.000000000000000000e+00
2.000000000000000000e+00
2.000000000000000000e+00
2.000000000000000000e+00
2.000000000000000000e+00
2.000000000000000000e+00
1.999999999999999334e+00
1.999999999999966027e+00
1.999999999997203792e+00
1.999999999776522319e+00
1.999999984099151140e+00
1.999999079613695274e+00
1.999960392305384138e+00
1.998844105461579757e+00
1.979261419520135012e+00
1.797332782224524195e+00
1.080563247527441817e+00
2.180977049540194224e-01
5.354915847531951378e-01
1.606846062825326715e+00
1.978676354914259639e+00
1.999852747349093240e+00
1.999999952226747091e+00
1.999999999999752642e+00
2.000000000000000000e+00
2.000000000000000000e+00
2.000000000000000000e+00
2.000000000000000000e+00
2.000000000000000000e+00
2.000000000000000000e+00
2.000000000000000000e+00
2.000000000000000000e+00
2.000000000000000000e+00
2.000000000000000000e+00
2.000000000000000000e+00
2.000000000000000000e+00
1.999999999999999334e+00
1.999999999999967137e+00
1.999999999998270717e+00
1.999999999910775372e+00
1.999999995749593307e+00
1.999999824693130090e+00
1.999994129111992480e+00
1.999850482852203237e+00
1.997295982402715886e+00
1.967807997155518240e+00
1.771021975214819744e+00
1.138467877178502174e+00
3.896328909584596545e-01
5.150101465042963289e-01
1.424242573750518215e+00
1.931815703726418976e+00
1.997946730755895350e+00
1.999984449410521004e+00
1.999999964111518258e+00
1.999999999965675457e+00
1.999999999999982236e+00
2.000000000000000000e+00
2.000000000000000000e+00
2.000000000000000000e+00
2.000000000000000000e+00
2.000000000000000000e+00
2.000000000000000000e+00
2.000000000000000000e+00
2.000000000000000000e+00
2.000000000000000000e+00
1.999999999999999334e+00
1.999999999999968914e+00
1.999999999998836264e+00
1.999999999957078334e+00
1.999999998507068666e+00
1.999999953343756465e+00
1.999998752256956447e+00
1.999972824193572585e+00
1.999542019735193854e+00
1.994343705005906964e+00
1.951860427677019505e+00
1.739114844859736220e+00
1.177312766388771914e+00
5.497011956111618192e-01
5.680675900935950873e-01
1.267817965380079404e+00
1.835337431601042901e+00
1.984640839517895383e+00
1.999355803974471657e+00
1.999986352768234665e+00
1.999999835244322455e+00
1.999999998734047546e+00
1.999999999993203437e+00
1.999999999999972911e+00
2.000000000000000000e+00
2.000000000000000000e+00
2.000000000000000000e+00
2.000000000000000000e+00
2.000000000000000000e+00
2.000000000000000000e+00
1.999999999999998890e+00
1.999999999999970468e+00
1.999999999999167999e+00
1.999999999976565190e+00
1.999999999368323733e+00
1.999999984328968861e+00
1.999999655738581517e+00
1.999993560033526352e+00
1.999901447775581209e+00
1.998816670269465190e+00
1.989338797005354209e+00
1.931533095432043545e+00
1.706002168041319766e+00
1.208236042018306478e+00
6.904907000231311764e-01
6.561060541882751673e-01
1.169633083305975818e+00
1.713697829306249254e+00
1.946351352276285862e+00
1.994200815222010537e+00
1.999608789900479300e+00
1.999982349139704851e+00
1.999999433782938985e+00
1.999999986375258665e+00
1.999999999742473333e+00
1.999999999996023403e+00
1.999999999999947820e+00
1.999999999999999334e+00
2.000000000000000000e+00
2.000000000000000000e+00
1.999999999999998890e+00
1.999999999999972911e+00
1.999999999999378941e+00
1.999999999985981214e+00
1.999999999694341613e+00
1.999999993762827444e+00
1.999999884598104627e+00
1.999998124804213129e+00
1.999974096372866050e+00
1.999705820293236069e+00
1.997347551757775230e+00
1.981710645908774326e+00
1.907617338448709843e+00
1.674985834150040320e+00
1.236894940433237222e+00
8.122267705694882212e-01
7.544287333754928770e-01
1.124318989345282294e+00
1.600302567223468531e+00
1.883161974400002991e+00
1.977348095766694014e+00
1.996923931434966493e+00
1.999692992590136553e+00
1.999976558320459841e+00
1.999998582088854393e+00
1.999999929948263810e+00
1.999999997096422844e+00
1.999999999896639569e+00
1.999999999996766809e+00
