9.936072981432774398e+00
9.605491232942448221e+00
8.897303451798407536e+00
8.123230104608317959e+00
7.334867529939536723e+00
6.573205711151523190e+00
5.867456647642491419e+00
5.235811169729899461e+00
4.687383736323354810e+00
4.224540251838703853e+00
3.844976571932093634e+00
3.543197912116838211e+00
3.311337060619806039e+00
3.139475166347182267e+00
3.015753992950607199e+00
2.926579014727309414e+00
2.857126166703480408e+00
2.792227454666473818e+00
2.717576161757477848e+00
2.621098396322338431e+00
2.494290832738769836e+00
2.333292195786071943e+00
2.139406012926897915e+00
1.918903138192817437e+00
1.682253556170081765e+00
1.443096825787023363e+00
1.215836795228170786e+00
1.010474187015532266e+00
8.311961983928739528e-01
6.829653814672553835e-01
5.750123837440241914e-01
5.093687092149394857e-01
4.639922113356931277e-01
4.336748968139119143e-01
4.294330550897029752e-01
4.835821985612369645e-01
5.452032994191284843e-01
6.475277138820985101e-01
7.881422996049991525e-01
8.087751952977981773e-01
8.708771340275092143e-01
4.179716355599794042e-01
1.404510583657696543e-01
-3.966723632240132247e-01
-8.550463324263688492e-01
-9.109081333317732287e-01
-1.253906203925922114e+00
-1.080907816761012441e+00
-1.080994442746160189e+00
-8.640276596034510703e-01
-9.321381903478851427e-01
-8.072603915880591785e-01
-4.199092125294754396e-01
-7.417864269413030343e-01
-5.391376972789601041e-01
-3.475473489593099430e-01
-6.366274799735833767e-01
-5.249537093856986303e-01
-3.396920734232224959e-01
-4.397859372888035523e-01
-4.373283380198245140e-01
-1.767077008666433358e-01
-1.255844948083222334e-01
-2.864949314522391433e-01
-9.297539293542911309e-02
-3.966827046355092534e-03
-2.601167594369542257e-01
-2.300298637445195027e-01
-1.406993248508285888e-01
-2.954370922716407222e-01
-3.431637727608176647e-01
-2.414366069660331959e-01
-1.899767435406545246e-01
-2.362647362081133906e-01
-1.750429874045380529e-01
1.866395620176319881e-02
-2.189760824063569089e-02
-1.025205880648201173e-01
6.763841133417258789e-02
4.866818697654196058e-02
-1.400430370061229723e-01
-9.723260284251011853e-02
-7.171227202258023681e-02
-2.075653779311608105e-01
-2.382560728447629117e-01
-1.648474221428983810e-01
-1.566930768628651549e-01
-1.926873939170690164e-01
-1.120215316201580436e-01
1.528689241058600601e-02
-2.488556428143340327e-02
-3.535799966189756560e-02
1.073627087030075700e-01
7.722167579140659655e-02
-5.077136553553884823e-02
7.015561598677777511e-05
4.457914843953858508e-03
-1.272050884749376110e-01
-1.547903251209135078e-01
-1.134659403713556003e-01
-1.495630253128723552e-01
-1.812065416432346865e-01
-1.110070958971931532e-01
-4.516384236760018211e-02
-6.993312137606721990e-02
-2.788969411601271986e-02
8.641207912752690845e-02
6.027421100519347874e-02
5.527825634501937202e-03
7.414019009473804545e-02
6.584653167034559829e-02
-4.437009240032807611e-02
-5.973531210702276439e-02
-4.562997697007631359e-02
-1.137131030840237145e-01
-1.490226120514392960e-01
-1.101672389667385232e-01
-9.921650968855999508e-02
-1.132139749578726651e-01
-1.136591694959363658e-01
