1.818181818181818121e+00
3.131313131313131048e+00
3.131313131313131048e+00
3.131313131313131048e+00
3.131313131313131048e+00
3.131313131313131048e+00
3.232323232323232265e+00
3.333333333333333335e+00
3.333333333333333335e+00
3.232323232323232323e+00
3.131313131313131313e+00
3.030303030303030303e+00
3.232323232323232323e+00
3.030303030303030303e+00
2.929292929292929292e+00
2.525252525252525252e+00
2.424242424242424242e+00
2.323232323232323232e+00
1.313131313131313149e+00
1.313131313131313149e+00
1.313131313131313149e+00
1.515151515151515138e+00
1.414141414141414144e+00
1.313131313131313149e+00
1.212121212121212155e+00
1.212121212121212155e+00
1.111111111111111160e+00
1.111111111111111160e+00
1.010101010101010166e+00
1.010101010101010166e+00
1.010101010101010166e+00
4.040404040404040331e-01
6.060606060606060774e-01
6.060606060606060774e-01
6.060606060606060774e-01
8.080808080808080662e-01
8.080808080808080662e-01
5.050505050505050830e-01
5.050505050505050830e-01
5.050505050505050830e-01
