1.200613173493898511e+00
1.299107116121816397e+00
1.377316736084227555e+00
1.439321854694604941e+00
1.488940984081565500e+00
1.529277506892232852e+00
1.562663245644089649e+00
1.590782690965887536e+00
1.614839893063355403e+00
1.635710318891123061e+00
1.654072236659793083e+00
1.670532739397929234e+00
1.685745899738983589e+00
1.700461288442772334e+00
1.715398328581197118e+00
1.730938683152170698e+00
1.746849373197981059e+00
1.762313146598428082e+00
1.776261440187896001e+00
1.787990402481925534e+00
1.797420279115407471e+00
1.804764261258808178e+00
1.811254642893228128e+00
1.817340694189880201e+00
1.823948681125663551e+00
1.831777145942598217e+00
1.840669954942282915e+00
1.850142677890347587e+00
1.859168946952219903e+00
1.868165820137780431e+00
1.875859326699450103e+00
1.885398642332213104e+00
1.894097210656276786e+00
1.903137262106510130e+00
1.911929621120233458e+00
1.914353203528913916e+00
1.911412375749167225e+00
1.903335506292255674e+00
1.892045877341491655e+00
1.880057237765997868e+00
1.870275964546807668e+00
1.861566624521181712e+00
1.853831643090932735e+00
1.847445795180559847e+00
1.842508210026556403e+00
1.838574391251807771e+00
1.834382189064623914e+00
1.831080606036404657e+00
1.828140978982653264e+00
1.825179271111174728e+00
1.822812166178785054e+00
1.820131563401115704e+00
1.818101587399081120e+00
1.815668117805007142e+00
1.814009817234562671e+00
1.812103093506758578e+00
1.811000089381688882e+00
1.809481708657535659e+00
1.808192724770074644e+00
1.806489770688195939e+00
1.805249905392708243e+00
1.803707514173301218e+00
1.802967104647626106e+00
1.801795149944093621e+00
1.801212251771154182e+00
1.800462179747018832e+00
1.798642315596592489e+00
1.798403122534665721e+00
1.797292358332985396e+00
1.796709586900493871e+00
1.795464698824523975e+00
1.795273429106339913e+00
1.793661409894973691e+00
1.794322374795786823e+00
1.793498155917138348e+00
1.792526629811883154e+00
1.790185815878832853e+00
1.792023456809493043e+00
1.791246990321002208e+00
1.790495087477530278e+00
1.789378798005658355e+00
1.788421538945375255e+00
1.788872361609067596e+00
1.788890254548904046e+00
1.789067435453907118e+00
1.785375217676542947e+00
1.787448634880979048e+00
1.786993914330721189e+00
1.787263356372050360e+00
1.782738935361266819e+00
1.787096613551728330e+00
1.785883000611947713e+00
1.786191001761238351e+00
1.780962517235340714e+00
1.785787856934230922e+00
1.783731102511450173e+00
1.783816264441782096e+00
1.783368685968978351e+00
1.784679533564917042e+00
1.779417605855744489e+00
