8.302219495033482666e-01
9.454250714963812197e-01
1.049483936996461919e+00
1.141121320223449143e+00
1.220224723732220573e+00
1.287547699767486620e+00
1.344381608048046184e+00
1.392270540135076118e+00
1.432805578680547587e+00
1.467500407936011220e+00
1.497728540236769934e+00
1.524693392343077658e+00
1.549402920950795792e+00
1.572631414510743397e+00
1.594880445029780880e+00
1.616384773842209244e+00
1.637166612673332633e+00
1.656999886299707070e+00
1.675284110348834510e+00
1.691324625639635704e+00
1.705290324105626087e+00
1.718389953680549809e+00
1.730914484677931409e+00
1.742337942157963893e+00
1.752599425284512069e+00
1.763142195719901828e+00
1.774581816440472748e+00
1.787975693333758942e+00
1.801134215647948844e+00
1.811792256882270857e+00
1.823108997386941210e+00
1.839451756001456273e+00
1.847342988722686652e+00
1.857378533496252482e+00
1.864771114349874637e+00
1.866484007298386150e+00
1.861918655186264759e+00
1.856903866232059608e+00
1.842248943985709264e+00
1.830013168644612609e+00
1.817806019998807754e+00
1.805845786099833372e+00
1.797698832574535333e+00
1.788752631634212387e+00
1.780856508090740364e+00
1.775200841224477299e+00
1.768958438533420718e+00
1.764955929028143133e+00
1.759180413789250386e+00
1.756978212851381782e+00
1.750976370904758550e+00
1.750412132031571311e+00
1.744342940619995730e+00
1.744377003139038207e+00
1.739385842033147611e+00
1.738543681970460275e+00
1.735779592270717542e+00
1.733056548563276511e+00
1.732764400349824596e+00
1.728396484329573379e+00
1.729515702039488234e+00
1.724950379526822175e+00
1.725763585416819401e+00
1.722869979430546206e+00
1.721831561523583298e+00
1.721404517519026234e+00
1.718400159542724293e+00
1.719515302477451879e+00
1.715838413491013625e+00
1.716932392595562185e+00
1.714413586878484219e+00
1.713848665219668499e+00
1.713630703424077639e+00
1.711166597657938881e+00
1.712400231112770621e+00
1.709396342851505546e+00
1.710623186491096570e+00
1.708554197601509506e+00
1.708134546656782993e+00
1.708158976714357680e+00
1.705941106402065532e+00
1.707164881800352418e+00
1.704672030530709703e+00
1.705262712467953135e+00
1.704190976460429052e+00
1.703671865395211205e+00
1.704082599507000140e+00
1.702142328887022327e+00
1.703206776725099347e+00
1.701337338621692119e+00
1.701869140057787444e+00
1.700816612637569669e+00
1.700158385332670719e+00
1.700178531968323581e+00
1.698848456802722229e+00
1.700220180543193793e+00
1.698589592696056805e+00
1.698255116857463110e+00
1.698272757627109941e+00
1.697432749608537961e+00
