3.448941938956666231e+00
3.164780030534743105e+00
2.661883728360763257e+00
2.270942464465562693e+00
1.960539811821334411e+00
1.709602883376291516e+00
1.503562967029282049e+00
1.332080139125423557e+00
1.187646501465550841e+00
1.064701585364289826e+00
9.590576517475710716e-01
8.675400920703992824e-01
7.878538498536187262e-01
7.192949443533933618e-01
6.666367518074309828e-01
6.515567589016484362e-01
7.258383703730260095e-01
9.475824411218383148e-01
1.290450008384539160e+00
1.574654174923381333e+00
1.572504692856355746e+00
1.235827182411853187e+00
7.666301895982172709e-01
4.105876931501768468e-01
2.394167386149632648e-01
1.810941032086930136e-01
1.610006015283147462e-01
1.493817712953529053e-01
1.397402885460223843e-01
1.311839712108735512e-01
1.235892322025478052e-01
1.168916123431245069e-01
1.110226327879360042e-01
1.059075220193079758e-01
1.014680887893462113e-01
9.762674229250478675e-02
9.433435794073830039e-02
9.237010807548529101e-02
1.058612408601362631e-01
2.254616797960409258e-01
6.141325739800720385e-01
1.039221784821194206e+00
7.316930869662172654e-01
-2.909381700503530510e-01
-8.821335026352130626e-01
-6.459463385782413525e-01
-4.137588085662713411e-01
-6.310016200818324705e-01
-8.364741538089504047e-01
-6.342766011727007935e-01
-2.283179136827016009e-01
3.625522054068142097e-02
1.183044655065828010e-01
1.239852769401039723e-01
9.237055310808273134e-02
-2.245546174950163731e-02
-2.712224371491060992e-01
-5.479552432334315881e-01
-6.086308495821697306e-01
-3.888853345528673344e-01
-1.018412373651358394e-01
6.597326403492331792e-02
1.184740883229977726e-01
1.251647094214547451e-01
1.222364156557063097e-01
1.173361712445455396e-01
1.055535435234986608e-01
6.177154660360884009e-02
-6.232063244544860936e-02
-2.749642923199502320e-01
-4.595165964483527432e-01
-4.523435720456348008e-01
-2.627518367160632806e-01
-5.248803511200605953e-02
6.958458838883530007e-02
1.031801130808247535e-01
1.097661540195815633e-01
1.135054846127161454e-01
1.028422885474213899e-01
9.979472550580226198e-02
1.020617681858624337e-01
7.139071326589885302e-02
-1.473955522075698354e-02
-1.628775047875592463e-01
-3.231672548925814681e-01
-3.833983496049313544e-01
-2.927817647991162175e-01
-1.186045679113476581e-01
3.769143565027377463e-02
1.103245009409903332e-01
9.080586559197456609e-02
5.369204949461447995e-02
8.043729131979659996e-02
1.443047460346633670e-01
1.453336163833540695e-01
5.415069382898707318e-02
-2.237760584880277293e-02
-1.924091501670943671e-02
-2.394015306681751554e-02
-1.349711648678493248e-01
-3.171718935896592484e-01
-3.954369598536828789e-01
-2.550407509845484810e-01
8.192273460494448045e-03
2.168810556789111388e-01
2.534978319006171432e-01
1.141175872113109335e-01
-7.485650948295585749e-02
-1.394582824367347484e-01
-1.306864009804087345e-02
1.977537717059334454e-01
3.168525373153272540e-01
2.454656350514028418e-01
1.329584094837343855e-02
-2.983236689809700692e-01
-5.389164283042617853e-01
-5.011103648532042598e-01
-1.744757667844396565e-01
1.840296809086510166e-01
3.282179365040723829e-01
