9.044697161490489634e+00
8.348066316063778913e+00
7.055579207499377503e+00
5.967270579611550829e+00
5.075536715654891395e+00
4.354895639796865225e+00
3.774753012226327087e+00
3.306771423688502409e+00
2.928188868910538645e+00
2.622744509124544265e+00
2.380425402197090534e+00
2.196578072629307599e+00
2.070339492542586868e+00
2.002075219771995762e+00
1.989785064820651428e+00
2.025226413190466701e+00
2.091300806001171964e+00
2.162286474903822864e+00
2.207519498633814692e+00
2.197734165469256595e+00
2.112292234034711669e+00
1.945213138667682529e+00
1.708019106422042910e+00
1.427840658404946339e+00
1.140381088136166454e+00
8.795533663563617210e-01
6.679870177771363160e-01
5.128430400737329364e-01
4.082510244848975844e-01
3.417559897884956399e-01
3.002550334403792931e-01
2.737064289105290982e-01
2.559575848265325249e-01
2.446367606722077426e-01
2.421168451287769585e-01
2.580294451023092961e-01
3.166246237183258927e-01
4.315935478373802425e-01
5.669282806346984671e-01
6.978817724349966056e-01
8.355351168355724667e-01
8.302923648260929212e-01
4.247563384402894826e-01
-2.779646649963183336e-01
-8.268452096191651890e-01
-1.003847358570737924e+00
-1.004798619806393845e+00
-1.044705322112505996e+00
-1.041393854578771538e+00
-8.484653877994361437e-01
-6.076063784892369313e-01
-4.331569462299853512e-01
-2.368927743954145626e-01
-1.678122836589892586e-01
-2.703535887707460006e-01
-3.363104935198464318e-01
-4.149342944872813632e-01
-5.133056693791928637e-01
-5.126589006654995728e-01
-4.302338536221981258e-01
-3.011455599447998566e-01
-1.664633271958138039e-01
-2.865603219048296069e-02
6.980727856763735417e-02
8.150245106941156337e-02
6.968598136636217077e-02
-2.604138991998183883e-03
-1.220521995049637098e-01
-2.234254352209035233e-01
-3.182665126196013716e-01
-3.682997066329249947e-01
-3.568716636427069488e-01
-2.946773108233458061e-01
-1.971088834712872995e-01
-8.489848663334953471e-02
2.181542992022400540e-02
9.646544682627222755e-02
1.383800580088774268e-01
1.416860792083980414e-01
1.081943591840683894e-01
4.282645773047022431e-02
-4.643640650047586860e-02
-1.399778682632728533e-01
-2.228577836256278033e-01
-2.739269921776497085e-01
-2.848436397405293974e-01
-2.520545411618968501e-01
-1.814233908749969260e-01
-9.745534432626357102e-02
-5.381118645260585254e-03
7.314004088864578534e-02
1.161815067529232692e-01
1.498123843550587253e-01
1.443840989142586295e-01
1.070410502291281318e-01
6.175774292829316892e-02
-1.810556581263256248e-02
-9.619884966140546112e-02
-1.642606043837417928e-01
-2.153423503917082371e-01
-2.365570133082002258e-01
-2.105991719674307205e-01
-1.601092322549675373e-01
-1.065729648425133291e-01
-3.091515494219265747e-03
4.489836042694150819e-02
8.797739816348837394e-02
1.587616722196258934e-01
1.209009174071553616e-01
1.201309717387886167e-01
1.071430806184991980e-01
1.998352906348088709e-02
-3.525543322923851974e-02
-8.745654086015974826e-02
-1.452304170146874185e-01
-2.092910249281345614e-01
-1.752800708502775251e-01
-1.690837469920580816e-01
-1.418093480464932554e-01
-5.570549805708530089e-02
