5.000000000000000000e+00
2.100000000000000000e+01
3.600000000000000000e+01
5.100000000000000000e+01
6.600000000000000000e+01
8.100000000000000000e+01
9.600000000000000000e+01
1.110000000000000000e+02
1.260000000000000000e+02
1.410000000000000000e+02
1.560000000000000000e+02
1.700000000000000000e+02
1.850000000000000000e+02
2.000000000000000000e+02
2.150000000000000000e+02
2.300000000000000000e+02
2.450000000000000000e+02
2.600000000000000000e+02
2.750000000000000000e+02
2.900000000000000000e+02
