7.393145162344959325e-27
5.259349734425484979e-02
3.239373328012503661e-01
7.156328306413300977e-01
8.888794327012342622e-01
9.108912272178598668e-01
9.296464412729631421e-01
9.326381778429695402e-01
9.337136576558036083e-01
9.343322560195491677e-01
9.315025834609739208e-01
9.318077104944804123e-01
9.341293429412172999e-01
9.333633046154702351e-01
9.311075426245207787e-01
9.310954202346186648e-01
9.251725280413967134e-01
9.308114489295666871e-01
9.307172730319938081e-01
9.306325850367946906e-01
9.309974269688439108e-01
9.316570592173853971e-01
9.338887899050780650e-01
9.324046567995134538e-01
9.226253469657083039e-01
9.342133660020759400e-01
9.321863626570460193e-01
9.308290334626094786e-01
9.302526055498504531e-01
9.302151246852995436e-01
9.302625950753795614e-01
