1.845447112444150482e-25
1.420601342779437282e+01
5.050894250153929732e-02
2.291407487212320367e-14
1.488723983048412417e-27
1.646544177287224730e-27
9.495064445536034732e-28
1.423853627708033074e-27
5.110648480167603933e-28
9.214102833039602169e-28
4.644071627945851396e-28
1.540249121854593559e-27
7.093444514184436456e-28
7.495179449431824513e-28
2.991299399684144910e-28
6.296698601103058350e-28
7.175089463699659257e-28
1.244582977245195081e-27
4.011494142241762695e-28
2.376441256583533710e-28
1.920883660463817236e-27
5.280599692069595118e-14
4.246792844780779936e-04
1.230003896379503558e+01
3.707381190284897876e+00
2.079725245201948791e+00
1.910568480205868624e+01
1.308164734479941153e-06
5.595051222084845074e-27
1.027958613937710431e-26
1.416624041748578383e-26
1.031788728680182189e-26
8.896137103208919942e-27
6.595364481536339151e-27
4.175307058409798233e-27
1.732772422436303146e-27
2.691223144758446055e-27
1.552582150933654732e-27
3.350927780115282593e-27
1.174671702026903900e-27
5.994523276990081111e-27
1.414644468587800099e-27
4.848237163070986143e-27
3.603471452402351898e-27
3.618889899121121360e-23
1.848947920048874624e-12
1.055469350260752789e-04
1.610182239408013416e+00
1.393504135651741116e+01
1.278370517101658388e+00
1.106622582011973677e+01
3.286399247984367999e+00
8.386221912749650727e-05
6.064743278185335353e-14
2.388335860966466889e-26
1.562476168007302820e-26
1.410068035357038443e-26
1.004780190993139474e-26
8.095469525232664583e-27
7.996052864361532772e-27
1.147316931108855723e-26
3.110636444184634745e-27
2.310189785707395007e-26
1.457106339634897794e-26
7.740819940358293932e-27
1.206338608937196432e-26
1.057881413849388067e-26
1.249235256709323623e-26
2.146560538874158034e-19
6.744784988769278029e-11
8.926693100815360918e-05
3.247740461094767439e-01
8.675371624241451585e+00
7.088250429144695275e+00
3.663416402289022322e+00
1.248503136361398269e+01
1.034271516828957793e+00
1.433827214442658007e-03
4.477774477355842764e-08
2.812175153301083870e-14
3.319184238966649853e-22
7.277386942868359752e-27
1.736093538137101520e-26
6.888619340018631926e-27
7.159904287299195978e-27
7.128989460827883193e-27
1.687842727090115869e-26
1.010801014968623794e-26
9.789034159217263298e-27
1.517589424401391590e-26
2.010343444440231035e-26
6.473209090515989349e-25
2.105565979229734468e-16
1.454901201604777104e-09
1.089987321347578916e-04
1.069740002253726646e-01
3.489397427989927358e+00
9.112474821396439495e+00
4.579784718455501391e+00
8.498392435712192494e+00
6.771607090211205993e+00
5.420828944240622116e-01
5.041806261409767335e-03
6.941504383343455625e-06
1.643605973678231383e-09
5.063346822451886494e-14
1.419004998767329372e-19
1.029504112771248326e-25
2.946516285606985386e-26
2.920744190133354016e-26
1.808537446415740648e-26
3.404428396273728301e-26
1.014929495270152690e-26
5.807853321381755246e-26
1.728667586655200964e-26
4.244746975245328566e-21
4.851490936437321709e-14
1.689396607535488790e-08
1.426853072264295250e-04
4.886021282884986383e-02
1.432189041150087272e+00
6.391602774014859989e+00
6.899210176584335663e+00
6.042773777498707588e+00
8.372658402731453009e+00
3.568605457011637672e+00
3.582558214415412778e-01
9.776444485043106827e-03
8.342895272369072574e-05
2.517930126808223462e-07
2.853169230435889715e-10
9.132146295538991988e-14
5.597585364747972331e-18
8.351684910114851298e-23
2.283175717811745267e-26
7.303582762935411732e-26
2.789337504666217270e-26
3.590957955985173954e-26
4.495783640397274464e-25
4.746311188524565989e-18
3.441465191764455255e-12
1.115362843145822776e-07
1.827819220100706382e-04
2.750980284978157483e-02
6.590350394310375837e-01
3.722882778292912143e+00
6.600214161845171290e+00
6.300745109946199740e+00
7.070994754315068853e+00
6.271792838528870817e+00
2.078698219513319678e+00
2.665614123153506321e-01
1.436459463973221821e-02
3.539297575742062808e-04
4.316501492062677049e-06
2.775653118838202110e-08
9.842439517781783213e-11
1.453060936434685182e-13
6.294875769504280859e-17
9.362061489515033374e-21
5.571125436722859342e-25
2.081411980375355035e-26
1.325115608110305393e-21
1.267637822053003823e-15
9.366594160345589067e-11
4.659360683798777920e-07
2.245847674636032782e-04
1.776560206789035840e-02
3.412600611536284467e-01
2.093434889695015677e+00
5.105181638170192215e+00
6.152390864108498114e+00
6.533931260469807434e+00
6.954750138605882981e+00
4.292646426471139698e+00
1.337468914535070885e+00
2.134081856838954960e-01
1.834810953049283155e-02
9.005980509446465717e-04
2.667216273571661720e-05
4.934973074267050137e-07
5.835938917566506766e-09
4.837277002740790549e-11
2.070208125605805289e-13
3.416497331590232146e-16
2.421973431932593904e-19
9.148764429151459740e-19
1.064012130907625199e-13
1.184380104868283431e-09
1.379990325815539705e-06
2.651190629820571990e-04
1.259353323603837338e-02
1.956159301040848453e-01
1.207923002701864812e+00
3.477041581667423387e+00
5.596562432658489961e+00
6.484760441345198245e+00
6.701283196817901633e+00
5.527921762078244150e+00
2.933922075812807950e+00
