1.478832059317667147e+00
1.538094333654934864e+00
1.583959951235275998e+00
1.620647417419677438e+00
1.650756694525387092e+00
1.675946467067249923e+00
1.697335250280119112e+00
1.715717888371905753e+00
1.731682122446264849e+00
1.745674864757584821e+00
1.758043697531694649e+00
1.769072177674562818e+00
1.779048311262259485e+00
1.788442086332808989e+00
1.798135774347047411e+00
1.809191503904622245e+00
1.821799931061786726e+00
1.834560437728693927e+00
1.845415743032029265e+00
1.853360917298948918e+00
1.858936781042761943e+00
1.863230887995350749e+00
1.866985699922199204e+00
1.870594599141897074e+00
1.874556874353669800e+00
1.879744417060144723e+00
1.886768450745696990e+00
1.894840117381345168e+00
1.902082589088853526e+00
1.907488327659162541e+00
1.912001150343635825e+00
1.917531237310214465e+00
1.924549464685727074e+00
1.932809578133981132e+00
1.940430938276376471e+00
1.945564476946535670e+00
1.943867483081614056e+00
1.934714564701270012e+00
1.923413889939302512e+00
1.913499935776878047e+00
1.905657837794099807e+00
1.899914543879030360e+00
1.895562816439207099e+00
1.891164528021430868e+00
1.887319957570118723e+00
1.885116105343422888e+00
1.882099237235786759e+00
1.879724981212132384e+00
1.877566132462139548e+00
1.875393244200384890e+00
1.873592338661458356e+00
1.870960169123546901e+00
1.871070022027758739e+00
1.868209454495295629e+00
1.868105990411886852e+00
1.865928369472904080e+00
1.865103604300710316e+00
1.864631969222945385e+00
1.862377665592548137e+00
1.862341611614683812e+00
1.859034349730910085e+00
1.860102134531121054e+00
1.860048007427631545e+00
1.859096387454014065e+00
1.859554750140117951e+00
1.857404667793571829e+00
1.858108394553043663e+00
1.853864583952827827e+00
1.856514836683792247e+00
1.853562789495188268e+00
1.853457815126875019e+00
1.854341881757154642e+00
1.851921378411254482e+00
1.852624055534672243e+00
1.852669538247153413e+00
1.849280314436989814e+00
1.853788352007070150e+00
1.846627146806349984e+00
1.852994635367564591e+00
1.847589710899885107e+00
1.850646023069024926e+00
1.847658429961886339e+00
1.850326857796717128e+00
1.844684279092956070e+00
1.850629396684145389e+00
1.844599286977442354e+00
1.849192133407747907e+00
1.847487801811670494e+00
1.846000455329966039e+00
1.849831858618365077e+00
1.839462191552673431e+00
1.852512631502079898e+00
1.836445915429196329e+00
1.850776167843054987e+00
1.841347181705766944e+00
1.847665294775897804e+00
1.845004218747297253e+00
1.845516373490054818e+00
1.845250192645829790e+00
1.842017227801207913e+00
