1.684576952615972401e+00
1.716999162977418392e+00
1.743099682669832839e+00
1.764548948709992571e+00
1.782465343122259904e+00
1.797632387596176606e+00
1.810619016825273819e+00
1.821849847344161111e+00
1.831649677882084326e+00
1.840274252881423545e+00
1.847920741769890629e+00
1.854749819751594364e+00
1.860885813690222657e+00
1.866444068347484109e+00
1.871718506934506809e+00
1.877958271825265868e+00
1.887075253949377140e+00
1.897411709842194538e+00
1.904679646283231387e+00
1.908604251524188111e+00
1.911356871908900690e+00
1.913804623735449573e+00
1.916094206007373346e+00
1.918242542489436042e+00
1.920307443912551593e+00
1.922798524058218383e+00
1.927438254314419952e+00
1.934352840274119023e+00
1.939628103262620584e+00
1.942057474822177277e+00
1.943548630436690461e+00
1.945997845413474536e+00
1.952154420720539907e+00
1.957136039507037406e+00
1.962660453621485113e+00
1.968339636336888354e+00
1.969215046385246692e+00
1.959956741654272028e+00
1.950190865915462757e+00
1.943865605263021656e+00
1.938934151214499080e+00
1.933990184172572180e+00
1.933668881641385173e+00
1.929937033517275857e+00
1.928229640607435291e+00
1.926186735069553402e+00
1.924437980032375650e+00
1.922297892387728302e+00
1.919433679966908057e+00
1.917018905424812125e+00
1.915444549696601051e+00
1.914162163174067066e+00
1.913078287769980790e+00
1.913438657404389565e+00
1.914747808140772500e+00
1.915033748382626744e+00
1.913355883385212008e+00
1.911588433040093626e+00
1.911160965700232639e+00
1.910578842071942063e+00
1.909865557041664275e+00
1.909925924508262263e+00
1.909356027568877012e+00
1.908074417099193898e+00
1.907604344930628359e+00
1.908292149092775558e+00
1.907460151156538108e+00
1.905898779873409277e+00
1.905880942254341015e+00
1.906787524676679890e+00
1.906291493203758014e+00
1.904006715208121259e+00
1.902861296423806969e+00
1.904377310762766173e+00
1.905373098950856381e+00
1.904862298408647847e+00
1.902759184872215847e+00
1.900669243080045367e+00
1.902082974472776300e+00
1.903301067204869801e+00
1.903537946837500661e+00
1.904436676709466258e+00
1.902612395383644239e+00
1.900364662253308579e+00
1.899253863981205326e+00
1.899932142701715732e+00
1.901954020375284493e+00
1.903606896967833917e+00
1.904345577856557892e+00
1.901976002139688537e+00
1.900168791454618145e+00
1.897943846055436534e+00
1.894961352202521043e+00
1.898179969607095563e+00
1.902004373302955242e+00
1.901896843747205468e+00
1.899576106260795871e+00
1.902258644364006157e+00
1.902887851291141796e+00
1.899562275756681684e+00
