-1.147039207083366824e-07
-1.072120116625274843e-06
-2.871974958297551656e-07
-1.610447226996214422e-07
-2.247704857705201760e-06
-4.415389126506408653e-06
-3.743567795482238937e-06
-4.247148955024981845e-07
2.968977359538715922e-06
4.566701817956264586e-06
5.994830648392568406e-06
7.339807270718701441e-06
6.514298003773566492e-06
-9.327687388416272710e-07
-1.073468446319170216e-05
-1.983271001993802874e-05
-2.154389935659945061e-05
-1.431404620739873408e-05
-2.467001698607251757e-06
3.078478987063926116e-05
-3.200054182367128913e-05
-2.204420516619109971e-04
-5.363173082359673710e-04
-6.375024425843034848e-04
-2.438064632283518714e-03
-7.753229221009722179e-03
-1.312459152427421574e-02
-2.088775425146257095e-02
-6.626513116972347628e-02
-1.177082919928669202e-01
-1.792742880448936205e-01
-4.074944302370553384e-01
-7.243841100468885186e-01
-1.068319724715124819e+00
-1.997280812087070423e+00
-3.167612269537708691e+00
-4.237216813313670727e+00
-6.871821179511844235e+00
-9.487812068899939888e+00
-1.208441469151015824e+01
-1.607779421614651127e+01
-1.919266677072665672e+01
-2.361275591593218337e+01
-2.701754812835893915e+01
-3.041228098910388056e+01
-3.323045965005987767e+01
-3.546164235588766900e+01
-3.740464164178347772e+01
-3.882945987372623620e+01
-4.007112166599839753e+01
-4.105595935774096006e+01
-4.191250034310326811e+01
-4.266397848267596515e+01
-4.334064972809010641e+01
-4.395689437573899738e+01
-4.452293369784275257e+01
-4.504558810965498594e+01
-4.552958751337344268e+01
-4.597869828989342267e+01
-4.639583753870366678e+01
-4.678329602637267470e+01
-4.714286213869687714e+01
-4.747595962478041542e+01
-4.778380375430953819e+01
-4.806752907374065131e+01
-4.832825872516412602e+01
-4.856711318205103822e+01
-4.878517382267018831e+01
-4.898342672784377783e+01
-4.916271298400379663e+01
-4.932370309170481448e+01
-4.946690006203879619e+01
-4.959266485122117984e+01
-4.970125246549647358e+01
-4.979284737717479459e+01
-4.986759069632024222e+01
-4.992559628334301891e+01
-4.996695682659530036e+01
-4.999174307658384464e+01
-5.000000000000000000e+01
