3.556926906394863646e-05
9.300081600817656233e-04
3.673212890949795520e-04
-7.532775969566429764e-04
-6.760756893095632531e-04
4.526716160653521375e-04
8.418621625437738756e-04
-9.917626024661175036e-05
-8.517588758415328568e-04
-2.358938963514134620e-04
7.259818194427581153e-04
4.963116051545624595e-04
-5.079902750735421166e-04
-6.502564201691285375e-04
2.510868831802781794e-04
6.923940488877189988e-04
-5.369215763524337841e-06
-6.395944234516193119e-04
-1.919321125380690784e-04
5.225854447417611036e-04
3.211387979720381654e-04
-3.765124507814654486e-04
-3.800188158061601810e-04
2.301396376437203769e-04
3.725371767308871822e-04
-1.593894240544813231e-04
-4.868848890528809929e-04
-6.551333465628950440e-04
-2.071463549224334798e-03
-6.243523028825146218e-03
-2.937775120742406459e-02
-7.491290219123099281e-02
-1.855106237507965772e-01
-5.655781275258069396e-01
-1.210052018818048358e+00
-2.367275433796971917e+00
-5.310162232640781355e+00
-9.286442879260601302e+00
-1.503667799661040760e+01
-2.229345294392119214e+01
-3.210352177232923054e+01
-4.265821193322013727e+01
-5.181265772272121239e+01
-5.963771034184912878e+01
-6.589745076803701807e+01
-7.062950449149126086e+01
-7.417780489560053070e+01
-7.691511978692004448e+01
-7.914202676871192921e+01
-8.105058593395725097e+01
-8.274349802562132083e+01
-8.427404790811566215e+01
-8.567258589059099450e+01
-8.695853379334857891e+01
-8.814497501573521276e+01
-8.924121928815723948e+01
-9.025514416745369317e+01
-9.119483518138277134e+01
-9.206867409801689917e+01
-9.288406316213804814e+01
-9.364602110635780718e+01
-9.435683942620769926e+01
-9.501701651237682711e+01
-9.562675699204919511e+01
-9.618711975541955894e+01
-9.670034249112200087e+01
-9.716945200822816275e+01
-9.759758314331082829e+01
-9.798740424253985282e+01
-9.834084171572951050e+01
-9.865909331414499661e+01
-9.894281301100805592e+01
-9.919233998168679989e+01
-9.940788654122799528e+01
-9.958965174899873318e+01
-9.973786480664496423e+01
-9.985277990071365650e+01
-9.993464650217406131e+01
-9.998367371591615438e+01
-1.000000000000000000e+02
