-1.681923864750814348e-05
3.709703409054754329e-04
-6.791491635790357188e-04
9.088847527060697762e-04
-1.008640679832764836e-03
9.571088628211391058e-04
-7.447377933016363855e-04
4.263558708486055279e-04
-2.135446170442520318e-05
-4.722227013310348657e-04
8.705245458863064426e-04
-1.183999983629403872e-03
1.514072798488161646e-03
-1.564158219495703902e-03
1.445741794103939026e-03
-1.376683483341821718e-03
1.456203012166507076e-05
-1.791712465671732720e-03
-3.669038020156643615e-03
-1.546213199782005016e-03
-5.541484626688253541e-03
-5.995573314653898991e-03
-7.590234782740950571e-03
-7.894450787025877533e-03
-4.684666604709671056e-02
-7.445360767319383899e-02
-1.201845800492318261e-01
-1.388823698073544666e-01
-2.500422126728842898e-01
-2.329316931128774804e-01
-3.863891642603500265e-01
-7.163583761505114555e-01
-1.112621659157286835e+00
-1.396420223534563521e+00
-2.027526585700195394e+00
-2.082032329953061200e+00
-2.960773307240231578e+00
-4.199142557575500589e+00
-5.383405156684757387e+00
-6.744909808663873463e+00
-7.251536845795702568e+00
-8.708666917608718805e+00
-1.074761948479085838e+01
-1.229724110742478871e+01
-1.362533884120909100e+01
-1.453645331329467894e+01
-1.616413475949824274e+01
-1.745992980256749050e+01
-1.842929211840883497e+01
-1.911417700283308463e+01
-1.990716786883366751e+01
-2.050970011280408656e+01
-2.099271696326285053e+01
-2.143249943540654456e+01
-2.182241035412315000e+01
-2.214467259253860831e+01
-2.242862562719179209e+01
-2.269058075250189077e+01
-2.292929099581195374e+01
-2.314847323141937707e+01
-2.335035541644758439e+01
-2.353640588297388803e+01
-2.370798429333933299e+01
-2.386611960888625106e+01
-2.401167427752261574e+01
-2.414538782092957447e+01
-2.426789412139467572e+01
-2.437973718060980133e+01
-2.448138101405979228e+01
-2.457321668548445714e+01
-2.465556880386301941e+01
-2.472870263345485853e+01
-2.479283185729800820e+01
-2.484812645546566046e+01
-2.489472004480483491e+01
-2.493271620878978467e+01
-2.496219360768772333e+01
-2.498320986584852932e+01
-2.499580435050838290e+01
-2.500000000000000000e+01
