0.000000000000000000e+00
2.000133354671633501e-04
8.000794940724482995e-04
1.800360244146471250e-03
3.201180977953778373e-03
5.003031259442708434e-03
7.206295127492642894e-03
9.810934907907922775e-03
1.281828778491747589e-02
1.622937616924302606e-02
2.004539872719737770e-02
2.426724759590248581e-02
2.889351021830102728e-02
3.392812177504979376e-02
3.937288680844128197e-02
4.522980458708128482e-02
5.149759753286581310e-02
5.817745495966489266e-02
6.527492759049494109e-02
7.279272205111816940e-02
8.073089947869566130e-02
8.908615430820410186e-02
9.786909378594799147e-02
1.070832413780229420e-01
1.167264816201317446e-01
1.267971568520160630e-01
1.373086718770772097e-01
1.482655082510884181e-01
1.596554522906165341e-01
1.714934203169122540e-01
1.837890917808626956e-01
1.965356916835187540e-01
2.097348452782697714e-01
2.234064798012216913e-01
2.375450272618851444e-01
2.521468004627214210e-01
2.672386619627307169e-01
2.828091089535354485e-01
2.988629733330260274e-01
3.154279042978133107e-01
3.324760968412983075e-01
3.500412535689753635e-01
3.681283625414400462e-01
3.867218699544708871e-01
4.058694021719420064e-01
4.255288707129178949e-01
4.457567738507216548e-01
4.665281229329765744e-01
4.878750874651507918e-01
5.097935596307625605e-01
5.323036833218373065e-01
5.554087882990195180e-01
5.791325539186691351e-01
6.034690602700455431e-01
6.284645260816378309e-01
6.540836907798281974e-01
6.803998730104964254e-01
7.073790489630173983e-01
7.350679046737270683e-01
7.635010753046088672e-01
7.926382432295491220e-01
8.225572549880293405e-01
8.532801527112426898e-01
8.847977519228898968e-01
9.171524371996025993e-01
9.503885191103240704e-01
9.845358709427005639e-01
1.019627405760930694e+00
1.055682053698941525e+00
1.092754262796108433e+00
1.130898143844771830e+00
1.170164605876647279e+00
1.210610822247363938e+00
1.252301257685092040e+00
1.295308893868736932e+00
1.339716700955200679e+00
1.385619416266612891e+00
1.433097774700740956e+00
1.482289272356544840e+00
1.533345741743120660e+00
1.586436145693989497e+00
1.641758796432735590e+00
1.699513545711006213e+00
1.759979773969735817e+00
1.823527022550997190e+00
1.890569865420107076e+00
1.961623696105454728e+00
2.037347196536785532e+00
2.118635621506749889e+00
2.206422862286125941e+00
2.302529688321255374e+00
2.407945608632039214e+00
2.525728644289683356e+00
2.659260036915847003e+00
2.813410716745321949e+00
2.995732273542417001e+00
3.218875824861390900e+00
3.506557897321206596e+00
3.912023005445621759e+00
4.605170186054862391e+00
