0.000000000000000000e+00
2.040608101214162068e-04
8.162432404856648270e-04
1.836547291092745834e-03
3.264972961942659308e-03
5.101520253035404275e-03
7.346189164370983335e-03
9.998979695949393454e-03
1.305989184777063723e-02
1.652892561983471120e-02
2.040608101214161710e-02
2.469135802469135665e-02
2.938475665748393334e-02
3.448627691051933675e-02
3.999591878379757381e-02
4.591368227731864454e-02
5.223956739108254893e-02
5.897357412508928004e-02
6.611570247933884481e-02
7.366595245383124324e-02
8.162432404856646839e-02
8.999081726354453414e-02
9.876543209876542662e-02
1.079481685542291458e-01
1.175390266299357334e-01
1.275380063258851338e-01
1.379451076420773470e-01
1.487603305785124008e-01
1.599836751351902953e-01
1.716151413121110303e-01
1.836547291092745782e-01
1.961024385266809666e-01
2.089582695643301957e-01
2.222222222222222654e-01
2.358942965003571202e-01
2.499744923987348710e-01
2.644628099173553792e-01
2.793592490562188391e-01
2.946638098153249730e-01
3.103764921946740585e-01
3.264972961942658736e-01
3.430262218141006403e-01
3.599632690541781366e-01
3.773084379144985845e-01
3.950617283950617065e-01
4.132231404958678356e-01
4.317926742169165832e-01
4.507703295582083380e-01
4.701561065197429334e-01
4.899500051015202584e-01
5.101520253035405350e-01
5.307621671258034857e-01
5.517804305683093880e-01
5.732068156310581308e-01
5.950413223140496033e-01
6.172839506172840274e-01
6.399347005407611810e-01
6.629935720844811753e-01
6.864605652484441212e-01
7.103356800326497966e-01
7.346189164370983127e-01
7.593102744617896693e-01
7.844097541067238666e-01
8.099173553719007934e-01
8.358330782573207829e-01
8.621569227629832799e-01
8.888888888888890616e-01
9.160289766350373508e-01
9.435771860014284806e-01
9.715335169880623400e-01
9.998979695949394841e-01
1.028670543822059136e+00
1.057851239669421517e+00
1.087440057137026628e+00
1.117436996224875356e+00
1.147842056932966148e+00
1.178655239261299892e+00
1.209876543209876365e+00
1.241505968778696234e+00
1.273543515967758610e+00
1.305989184777063494e+00
1.338842975206611774e+00
1.372104887256402561e+00
1.405774920926436078e+00
1.439853076216712546e+00
1.474339353127232188e+00
1.509233751657994338e+00
1.544536271808998995e+00
1.580246913580246826e+00
1.616365676971737830e+00
1.652892561983471342e+00
1.689827568615447362e+00
1.727170696867666333e+00
1.764921946740128700e+00
1.803081318232833352e+00
1.841648811345780956e+00
1.880624426078971734e+00
1.920008162432405019e+00
1.959800020406081034e+00
2.000000000000000000e+00
