-0.000000000000000000e+00
1.015237146401796152e-02
2.040887163120712333e-02
3.077165866675365957e-02
4.124295853404913448e-02
5.182506786458602327e-02
6.252035698133405484e-02
7.333127308554962531e-02
8.426034361773984682e-02
9.531017980432489323e-02
1.064834804024500647e-01
1.177830356563835112e-01
1.292117314800062255e-01
1.407725538810821464e-01
1.524685936442735090e-01
1.643030512912762864e-01
1.762792423379920537e-01
1.884006028703368030e-01
2.006706954621512440e-01
2.130932154607083351e-01
2.256719976675684025e-01
2.384110234449982324e-01
2.513144282809060548e-01
2.643865098482587883e-01
2.776317365982794994e-01
2.910547569304202664e-01
3.046604089861988385e-01
3.184537311185345887e-01
3.324399730932745545e-01
3.466246080852309341e-01
3.610133455373304989e-01
3.756121449584832739e-01
3.904272307436240097e-01
4.054651081081644404e-01
4.207325802389528246e-01
4.362367667749181832e-01
4.519851237430572710e-01
4.679854650894985091e-01
4.842459859612787132e-01
5.007752879124893752e-01
5.175824062288704175e-01
5.346768395881705827e-01
5.520685823000398562e-01
5.697681593994406990e-01
5.877866649021189493e-01
6.061358035703156011e-01
6.248279365824680465e-01
6.438761315531627005e-01
6.632942174102641752e-01
6.830968447064440507e-01
7.032995520239634368e-01
7.239188392266989736e-01
7.449722484245314691e-01
7.664784536454949393e-01
7.884573603642702766e-01
8.109302162163287697e-01
8.339197344410277379e-01
8.574502318512217114e-01
8.815477834302821725e-01
9.062403960206537601e-01
9.315582040049434909e-01
9.575336904082041301e-01
9.842019374903655526e-01
1.011600911678479875e+00
1.039771788645176498e+00
1.068759325518428671e+00
1.098612288668110004e+00
1.129383947334863469e+00
1.161132645649443518e+00
1.193922468472434772e+00
1.227824020148116313e+00
1.262915339959386207e+00
1.299282984130260887e+00
1.337023312113107876e+00
1.376244025266389670e+00
1.417066019786644704e+00
1.459625634205440559e+00
1.504077396776274167e+00
1.550597412411167220e+00
1.599387576580599157e+00
1.650680870968149305e+00
1.704748092238426160e+00
1.761906506078374512e+00
1.822531127894809089e+00
1.887069649032379948e+00
1.956062520519332049e+00
2.030170492673053495e+00
2.110213200346589435e+00
2.197224577336219120e+00
2.292534757140545665e+00
2.397895272798371558e+00
2.515678308454754486e+00
2.649209701079276336e+00
2.803360380906535720e+00
2.985681937700491950e+00
3.208825489014701215e+00
3.496507561466484670e+00
3.901972669574649277e+00
4.595119850134594230e+00
inf
